1000 100
633074
518157
3493
550270
633417
275569
92622
413173
196431
456682
3494
355115
796157
631491
462951
35021
393740
614030
35325
187516
33002
746139
785404
39021
92620
894977
324176
279207
984857
593499
20127
550268
675105
740049
588711
519934
77375
593614
343768
544918
376882
876982
124030
311574
186593
550253
803074
734713
138377
415775
32919
400346
871137
305153
122573
300925
306710
277217
596963
387090
378130
698571
369633
304789
419805
138382
639006
414639
721120
880226
387677
963981
887560
127955
122570
322532
272379
858270
384172
344234
245830
370347
886059
134047
945082
271232
622954
411898
89159
679262
561041
141723
26272
454154
335821
909365
591171
160269
938701
914653
450907
356728
515797
369627
742698
76376
252715
825171
771559
554010
816539
955081
671338
59426
785147
776787
696532
591281
884850
576590
215350
973813
381494
146081
887982
97487
765404
796892
230297
399134
898506
767057
380595
501962
687483
80154
191309
895021
313563
633071
669086
590930
515800
538839
897490
101360
247643
826621
387088
426815
411897
107722
712350
9097
689126
522071
533149
614027
241888
816542
591172
416931
388777
400657
580952
72641
89368
918184
696776
975266
588954
80308
297278
372555
250774
305000
560997
648412
598382
914693
942439
88421
994985
1354
578762
631541
687479
76217
801173
486506
311575
570037
18859
360871
590932
587665
893069
907361
41351
291638
709364
581032
273679
734969
916170
162844
880230
994314
713886
346039
701535
532621
611790
150109
734673
395735
374295
704313
353198
99355
157793
598383
213171
185677
598386
933990
210050
291635
322042
42659
456289
293469
841551
125383
63133
19304
365981
953666
788967
380902
88131
683174
649718
301183
945487
434573
725062
713933
312496
893141
971726
596980
843485
372305
914698
352160
406424
384280
718902
971722
628789
588955
132557
10431
721119
59427
938270
227667
802671
187513
749154
10569
979969
609663
167279
429649
922351
857464
487330
147515
519915
843881
675634
854387
623287
339643
786742
510139
552063
636353
485269
626799
654819
740435
240853
702450
974802
245562
363610
995960
596911
769829
418816
300821
303605
646579
161528
834447
614026
804899
242589
650353
163036
277107
665417
115921
186354
408437
99484
106312
419017
25165
201745
867422
196295
680559
446571
372310
613091
906527
798878
3050
304213
478499
771557
286141
982639
744263
263590
206202
791631
478257
994571
934683
151225
68972
340634
865725
190952
585472
673339
475883
747661
587542
482339
335344
407330
829294
260757
48860
843487
390279
41598
952741
180570
200801
914800
615609
612763
2606
584523
564349
442530
291986
565625
919591
222407
707131
804919
139053
388427
959819
837581
287639
892438
207394
993018
886463
494695
916066
994425
804978
386966
122272
581086
365159
841197
943003
955951
48498
529154
202906
570003
976784
206797
463633
546560
851014
720897
80152
373349
295879
634316
808585
22765
197930
237892
306629
596366
367395
644428
73847
485026
830763
365984
230775
114544
353202
797565
329499
451546
299853
84303
193842
596534
849810
480869
95815
748696
511382
99451
825361
563037
375861
305981
740054
187511
886628
556942
197811
197935
183332
388772
525339
802674
632854
275444
830323
110751
115873
716465
768681
259683
48977
965014
600769
314107
673391
3047
7057
458793
613281
313564
53418
188534
104697
867426
447433
609657
180529
481690
638147
792349
766422
297275
850339
172025
191653
596913
619204
232983
887564
707205
433878
665169
311569
353204
128223
84292
247035
632563
621862
59895
887660
362173
574887
754673
18481
321929
983044
952280
544209
639747
952366
203759
831742
869401
713171
62958
414422
257755
829090
858275
713167
340012
103807
975358
382894
190158
521090
201937
176620
488863
207398
239833
266356
914410
356631
623446
27458
700010
873165
331867
837575
700699
272000
165457
130017
426169
880569
135018
696534
172021
241707
834400
222402
196427
145325
870461
648142
475880
942999
387142
600930
900034
327308
629780
138644
279545
796522
376925
51735
634492
830296
251530
565622
336956
707654
194872
768482
376088
262337
565220
333694
438014
580282
242869
25015
449299
700754
337242
335164
674641
762111
746410
386147
341089
216439
618017
265375
614511
408978
777377
352976
892161
252833
450127
72999
483316
152986
413008
946277
778693
834946
795367
787096
19540
726095
473950
728802
593630
210525
79690
71161
327934
384795
481135
527351
322041
478256
686974
794114
843428
450052
511625
401433
559277
352949
395732
384169
286229
393799
680589
503766
841193
886384
837209
382700
510539
994426
959815
7059
826264
416758
608944
390769
286977
976257
951142
64472
765595
203107
377601
412082
686227
690958
122569
820659
473495
708313
62718
279208
492631
804712
819353
101662
558628
899551
112110
470641
252481
123090
907854
537736
127682
258726
835733
741187
450857
777724
785143
803193
690626
537945
551394
670806
980456
62795
353195
61648
545290
997946
299067
438010
159161
199093
572601
349144
564350
910435
253681
992200
159651
827834
217043
821955
186733
84308
728258
910875
971924
967250
479885
534319
833555
995957
684367
443203
443370
527645
883852
446286
977805
857344
203108
550658
728253
424758
633179
42772
489210
505904
669440
657902
704485
10946
655804
540637
454833
871000
53150
823381
838287
454328
874951
336718
881423
551514
23182
605807
298129
747294
593633
967137
569078
867418
18184
574882
959639
200848
343444
615055
122275
315644
835412
624893
992300
299070
946550
660056
547042
365914
183458
88109
499281
359216
524763
248263
410399
459970
788777
480129
972417
334779
478979
180237
935247
514995
797570
528784
201114
535326
241042
645107
251761
664225
907231
992210
171894
259617
543483
658082
858053
999213
285314
116035
833023
785752
480709
353825
797756
6071
386989
111544
598388
313970
895841
1379
21018
500838
450250
608488
765135
788924
83598
500113
952847
419962
432110
457257
177440
611886
836299
845289
486946
172784
742850
442043
703868
608253
215463
496619
79269
942709
339680
468232
125413
462029
16228
376250
167744
56618
983804
46647
209439
363193
61770
376850
561859
163033
1642
217177
391568
762508
321698
200987
185674
633726
591440
913064
335526
537541
793078
693059
931765
459967
757408
321676
515805
599372
241306
353197
676898
63328
716509
18202
341138
482649
735668
438146
610720
735658
496414
175739
359554
582315
769257
749159
387964
334055
967037
1842
497683
633419
561149
33621
764303
323221
871043
744777
132561
614029
242061
908766
420959
297893
760186
14057
63046
497687
997813
544874
186306
482654
703163
26234
217934
288549
659818
895504
257692
989944
901004
366256
114526
762327
19545
249809
586311
782912
592203
833661
524764
517553
882584
636010
84148
595513
252277
543363
581324
671754
891254
51878
196342
695777
510827
511154
674635
224149
989693
812754
494151
73843
461929
261902
123786
214337
487534
631809
203630
757669
261451
232173
61765
565483
486052
638368
955432
830430
891466
51571
191794
562275
449638
673396
802159
994989
122431
293026
