2000 200
646711
516898
744477
394660
776790
391879
516894
488613
957436
648609
874974
671759
155027
67660
6484
789835
570124
968158
253215
948088
812661
349542
935500
258962
161631
677717
62638
498187
62934
498184
189196
777610
295098
308582
11053
403847
967654
191614
919986
194528
487483
983422
322037
705107
547247
771149
387350
413002
628238
39021
495191
27495
365439
488323
447757
648726
279465
944650
279463
576388
90057
957441
365433
322141
909341
347223
882152
259316
403843
504350
458800
983427
343899
126763
108019
465512
450254
774969
849762
242587
922256
442929
344718
975429
954887
774965
772878
963628
575805
79422
533257
40881
48623
732836
185889
131527
604173
816215
402908
824130
821956
998055
235706
526508
768897
462197
161625
57661
740418
162283
386656
119944
704852
258956
516123
812666
147484
405991
417809
532074
803002
475737
855866
824134
483445
644815
539847
964193
76780
119204
460396
361591
162289
833817
617267
425259
854446
669538
10038
131589
748250
294814
339467
577616
386865
774406
827441
465509
812679
254228
835090
762697
109859
210352
518732
642166
723200
594814
337001
135338
981337
674418
213073
630845
223193
966707
841746
774949
116548
361873
930039
374276
279777
918064
48628
157360
654526
906577
347218
905192
782069
661146
576770
21414
303604
376938
625421
965069
490177
888680
478999
645296
243938
887958
667502
836825
366146
832247
543847
40077
561018
636498
405989
449966
270296
719348
272669
342196
622777
825605
871053
258955
801443
572886
548901
663994
462195
93662
874863
131529
866392
62900
444543
897004
126950
683501
60908
615304
789062
573032
216347
865366
138326
10034
277950
655229
583398
510512
807878
754349
777163
8764
316151
992709
537114
774410
298941
984471
661689
303603
600117
148151
32908
801455
945941
746101
647339
349946
87126
627016
520789
872710
801655
705290
644042
962103
320788
201211
561811
196471
845591
286196
762702
317565
492803
280396
241694
649292
319199
566617
127367
540322
633137
491977
334271
694996
458780
531400
670038
4340
817046
499430
537118
91185
36214
853814
690930
268864
764672
919287
198697
624221
731660
126767
957438
97529
918075
6489
343894
453188
713080
343901
839325
170982
914398
676663
705285
378491
210541
451503
617753
761996
918263
541652
119157
129326
248836
969762
16538
51463
203165
12582
575027
714375
993259
16543
542485
682472
554831
492905
56675
579958
849319
787454
173960
851601
488617
228875
532420
211756
273398
530938
447374
166929
638228
288131
873435
836679
570125
734132
350310
905751
701493
387536
882409
586989
580149
77591
47395
205738
649291
717774
815955
245415
29949
321179
210801
624150
59476
321738
639126
983202
639403
579593
771475
357998
340127
301418
661174
706647
324323
218967
394218
786226
418446
359305
645297
43725
323015
522215
674495
330757
491027
280394
267990
428525
953046
532425
403532
506466
433063
359154
612981
918751
248841
148075
15533
830070
135205
780946
985191
863873
549458
570122
892857
13537
624219
157361
708428
571220
706181
776050
828929
405992
794409
948866
27639
107603
707540
635587
128425
420721
255332
353969
132244
658790
431721
91009
201208
401666
548480
957771
352042
839403
161257
485056
778847
197917
416945
730758
491953
923307
759633
591308
623017
566092
882475
186872
833812
643566
540592
147070
639838
386216
988539
571083
847177
829832
376242
245482
48586
453183
369755
36189
465979
594215
467455
510076
12585
535811
155895
453810
199257
277486
851235
396003
966149
447450
718055
412400
169347
74537
967873
91583
228878
287828
714201
658787
661693
211136
380177
490173
676782
428585
630773
439379
544861
559189
71710
818446
564682
199088
555366
817357
739003
738724
401305
171884
199531
727459
636989
855863
177207
628762
482206
610268
865451
148711
740800
286845
591026
64662
418235
157106
323
199090
583195
8761
80262
838179
171886
418449
980824
342789
567578
490591
354279
928311
150254
883088
47329
405279
561763
995154
576774
396914
451499
875978
265238
847845
77773
486128
868837
635591
676149
985700
669532
588723
348129
941497
251816
87183
222095
258951
561927
41991
402303
54525
764442
677538
880685
321442
828487
461366
434581
76169
710872
150799
482438
417140
682414
113190
402308
351186
367423
580957
536221
772582
774222
921752
354089
973871
904018
142227
434455
91749
816134
996683
200474
562649
694223
610639
102393
744725
164213
777364
671752
90717
447379
580961
469168
893403
524471
483778
103978
234555
479279
110799
814282
238319
319291
108594
544207
441089
719330
193837
612604
677534
721820
79427
216246
346276
229153
162945
20567
961688
312109
404619
326456
256958
113606
666118
979982
523541
302073
39626
462193
709673
869145
870496
459253
73870
253124
499433
353127
900305
109849
592478
630775
89358
613465
403529
995593
817537
876699
831224
435518
549109
313225
122523
619041
34551
120896
911191
684294
961878
126997
761153
175905
743872
229307
807394
500843
606753
451979
977467
603940
719074
517723
866545
362972
609339
47510
398210
14523
481700
846053
728060
122032
817857
381894
617059
709361
732620
625012
505177
165449
376621
726645
669937
654124
339349
566590
816131
260053
907526
573268
878673
548211
57663
940087
588849
354718
586388
503812
333399
174069
922951
13669
127597
947677
485079
243700
404949
655112
219419
165447
426865
333398
101110
396429
153538
588474
116330
445143
792856
534604
625727
540075
210619
2427
233494
353644
467276
504719
599722
481940
366596
180921
265405
672155
242671
103241
990513
605987
204721
566101
299455
940865
168837
342337
572589
21008
530123
957677
215215
276451
948415
589888
198656
639282
854194
98165
875909
150462
947051
683495
854062
397243
708675
697603
999518
178726
635872
711981
587660
523763
293255
912843
171054
272763
296835
308579
796467
572483
385907
873515
810150
518078
440610
609524
229189
799634
691201
768735
359155
983296
352046
918121
512650
825559
333506
262331
848145
808010
985195
447375
745227
335742
753683
680168
384829
949563
359264
261749
270291
549294
868717
949115
164681
875017
346768
758826
464947
387191
939884
533461
267971
930142
725394
260595
199972
509202
333205
490959
445510
511485
259310
509185
772877
131385
109854
3637
413022
252101
859226
688051
911548
14519
333907
933213
740287
887329
204680
252777
768127
850063
353426
11735
368543
253031
501626
264389
56687
381035
976441
381604
197274
178046
206829
847178
435786
36857
568276
617140
807879
427405
972619
203049
456057
963760
689571
79088
424773
446038
922186
95655
353425
973591
773198
118159
385903
93316
547597
90086
711976
235673
415411
816213
467039
162493
212151
850084
224864
507959
301002
900257
599619
719802
292515
5667
557630
983346
977971
405690
878070
334527
851486
734876
910276
447706
383727
670286
353347
869432
639137
34546
442570
225205
679709
218417
210884
659091
237140
50740
187346
464105
801055
147498
411614
538316
489038
736636
156975
92024
352646
204628
745797
267667
749111
677622
871009
964647
303482
630604
640094
428579
385037
264453
102296
431238
952921
543151
779227
676146
909202
801028
335935
910278
922909
344385
275643
95018
324366
804741
511021
511941
506595
405273
842943
798383
58531
178123
520460
615253
138282
701746
515824
789923
785428
34736
132246
270181
523678
200279
176239
125336
602752
177161
947119
681877
404069
318627
961856
495688
881504
774465
21743
210980
526411
674499
308338
1511
435043
18704
696224
760060
247397
346364
966009
975669
800553
772234
104522
45329
98605
65054
114462
132501
57911
568830
722663
21409
863078
526873
8765
854602
872531
900178
839329
824129
140470
996743
665740
498940
429566
543849
244823
130939
362970
405994
477699
322040
828236
309556
928911
921664
805858
644008
167308
391565
54364
930983
418791
600487
863828
800816
4338
351323
596234
646493
5979
528260
829877
889327
817534
783667
923474
854224
123558
975230
728634
490118
855657
264393
132250
358023
183393
279397
381892
115381
254466
451449
221326
516270
402260
173528
952922
506598
347180
202568
936136
477853
914363
576914
913373
59129
865220
500941
254231
111448
549484
790001
51986
576803
915741
179453
885249
784600
563645
725893
536753
165483
499895
530777
24605
272225
309884
44131
810436
830110
527007
576797
942307
40072
92234
805037
873964
757532
366445
110094
681975
579920
416429
170620
345318
911745
236129
275812
933150
718861
635083
449659
3476
23415
216242
683403
473819
212866
544687
273718
459928
976763
442569
553303
269022
276274
2039
703419
122439
423537
375451
681
326312
51498
589844
526504
775113
491030
738678
694082
495910
860081
637040
15056
804478
229291
784786
483303
100731
658347
287823
396006
123519
609598
17501
538877
324966
241990
673185
867750
917759
323726
116473
437032
789124
196444
595853
48425
308425
300599
173939
588736
694226
563924
393169
27138
888835
367198
731245
132043
625290
271028
609464
256109
217685
887057
891187
687919
631361
106348
305843
64959
359979
119375
235462
254146
351989
306466
185876
982431
727863
162141
538311
165879
707662
803006
462701
633998
387453
184447
466327
573917
256876
694228
38894
800805
46549
843023
41598
97602
232273
403228
627803
655191
465657
374581
336947
900352
300691
120867
56673
12459
333206
850087
733544
574682
667694
684410
447755
352647
645073
798942
610391
68427
145489
545323
405689
851426
164871
9241
763967
690931
72703
555898
641217
468160
706802
917313
934396
425672
97532
726037
38889
839441
185046
855284
774405
944539
956713
955381
415147
471652
68632
207767
510489
956831
970409
654129
260054
307750
4082
401657
579988
127156
560540
992238
161140
207128
10165
774225
972926
214393
924464
427010
154861
743829
820531
594457
592277
149446
934444
6488
644817
256914
554811
429650
318485
553239
25496
495632
334531
744613
550093
473152
409217
603198
430901
514934
921748
185642
848896
630251
538773
753124
248677
952074
422246
930771
796618
838558
24136
533177
524594
406912
879842
965469
646552
668681
711703
687167
298036
503595
538754
649746
402489
957539
429018
690885
397309
180200
869957
819949
166264
639134
152410
220377
78044
316929
153542
321869
749117
220851
444350
63073
989675
785634
623656
607328
444704
792502
218785
541876
984211
597513
128428
868189
292890
726897
78002
727002
736858
416116
752538
895730
400702
546482
162325
849265
545657
976362
540655
257917
491800
892045
830107
66343
278851
941743
465261
502801
21485
995797
592327
622342
734570
995153
484950
840718
838779
933610
548478
766367
287458
409934
133822
980228
681921
28313
582735
376243
537475
116468
359308
581226
3615
189833
563816
850532
835136
198099
923492
442362
874970
491755
663325
109445
104407
435392
505530
399162
872734
259304
563574
448215
855938
190922
395727
363546
211014
668551
485487
674783
271058
780951
729913
825604
917094
639191
698569
624491
280603
865369
285513
125140
672157
610160
161521
856098
907165
967051
230302
183242
39810
111994
427736
524403
194778
847181
910072
131125
801442
279640
118762
176279
707997
158967
374576
472410
838425
563811
425329
527490
885808
778146
538160
744727
31600
417405
915125
562244
571076
938574
175890
371903
869986
556669
716599
48622
967870
781810
550446
947645
592275
952487
255610
746249
492747
536681
109352
319456
121937
904491
165915
343238
84267
751559
821123
782692
217972
173525
512858
258959
165198
643820
243076
37062
624772
966376
404090
301088
111793
818961
319700
745702
894604
257325
790459
60809
666902
697454
817201
808741
747178
409645
378250
367555
560978
577770
223780
36437
48529
898603
893135
723562
706178
698626
34303
93397
681627
292453
37138
24745
329709
933199
261129
678963
421294
655196
47189
17833
804774
493787
414644
766780
916894
84579
340414
988628
510023
51496
304487
390884
604107
561342
354103
126991
969377
248837
483538
135590
900980
785758
595022
795088
236503
971475
287600
685888
248130
639169
871181
686029
914800
367554
632228
467798
894715
166697
984705
340564
76672
704205
340650
683085
529518
200406
306577
2463
164757
920561
338524
435690
43914
256187
431017
850741
375525
984273
921832
796394
798340
690294
110059
50531
917383
320870
778828
114587
53801
483307
833335
785426
725894
442652
822040
838461
407918
738674
621233
397820
959864
265522
136219
138548
163351
242864
200885
294815
954892
475082
308581
146542
324810
68339
730436
526867
645302
909486
226398
50499
604016
266406
335410
741634
335133
689481
292517
315995
246127
32073
528725
632822
947366
586455
619100
462592
523447
238469
734870
84007
359509
666825
927664
676259
759355
29375
525033
675867
559191
160292
339602
183547
456903
383233
165730
595074
999117
731735
469366
489022
237199
232088
589771
427991
192435
346168
335936
492807
62258
37472
293325
280947
966143
80267
92396
745414
333222
577948
888358
928040
931902
322285
569792
275111
439570
159016
2902
156066
856468
49646
888786
785430
95027
24451
345225
741448
585426
327263
897638
923279
147571
969796
770444
630769
275809
822376
841593
266818
343891
830701
26650
433521
37545
699656
516645
528787
146451
448430
480879
894232
110270
784599
2503
178690
481701
971908
846854
249794
68107
133984
633083
153916
846018
744047
538714
538750
173865
830027
47996
703785
601912
167711
975433
981341
423304
707246
736951
65666
268569
906829
222704
314835
413811
256132
573273
486877
673288
482840
558994
721112
304389
860548
135339
96177
570919
125276
223059
598957
717081
699027
593589
118475
621710
193468
666173
40972
575226
14007
505333
727023
214314
528370
262766
931809
467930
43067
704072
878187
449381
857159
853384
767876
981351
420171
658456
220161
743049
447371
991491
502349
486530
761564
823352
795366
614082
495274
521450
13617
638678
245745
639837
391107
519422
820974
100857
70592
636027
743259
967237
605270
173402
985189
237129
893507
655576
834346
71774
255251
79373
613193
359300
191742
119836
317444
704518
357860
259314
901111
197930
285188
24452
187727
617659
615298
831585
53882
4345
707238
559784
296600
89727
557260
687531
746710
360857
676012
870269
501685
663793
