5000 500
374550
637199
974103
383032
663220
89491
289072
878516
817574
826722
531426
574801
334942
722363
245382
296774
183017
411749
655327
383037
717278
14385
197247
496780
266858
251819
176897
650123
877624
61087
851476
828923
201435
993881
189375
671941
565737
466194
728962
199319
326046
195809
579860
796939
62923
66103
621140
993882
135719
485522
526048
231726
682444
323427
496593
456911
170311
804838
475113
467234
568612
32310
846184
977971
368144
647893
679743
5009
693245
493053
819290
144491
910265
722163
877625
61083
139885
427197
176900
877171
909699
511237
57602
30706
122045
990173
488875
679470
765382
411753
423304
281468
688989
923973
858054
501255
570569
474005
87688
342508
569839
651184
920245
916090
465974
354671
151213
278068
283855
258257
723783
398977
198812
962500
368145
625916
132781
919184
96879
169487
442496
671445
738382
993274
655159
62921
111427
142481
95731
392612
728674
315081
548334
56747
896152
669615
213077
823298
172657
250747
915895
5006
655117
159138
974099
80843
250743
833850
447137
199372
797710
903141
10417
405665
819284
158732
383036
197241
807764
310636
750186
7144
792406
995668
905839
291743
843845
950070
43592
45901
847471
893930
774618
636158
554631
101113
903653
446562
870249
67183
92489
435413
163438
406904
223437
660104
777667
11351
98739
476845
150654
189291
488116
528136
630257
824807
252911
652950
610071
681806
79322
784154
549016
594767
344903
350731
234751
576509
910498
416216
788789
14386
882679
43453
462857
453361
568295
321787
447374
455411
75076
951680
82466
340773
163487
594374
348687
226967
900574
806051
722895
1206
887198
962575
393701
961353
442501
82539
177751
914085
886105
792404
392059
786338
666467
32309
405350
467237
874455
586903
280206
840870
155633
709520
742793
880163
163767
836432
591844
884636
85739
942085
464430
591752
914089
701200
409617
851473
916074
907736
630388
426428
940910
792346
352604
401070
583675
384719
897485
606994
631486
7199
443704
101111
652492
83031
183422
562421
543455
17881
843843
210812
64049
695551
250744
837342
184274
4062
861064
227843
628984
86480
361823
603565
198918
72485
245786
100514
349737
804212
283437
974098
688411
564182
976653
946291
84542
357308
423739
182057
469184
718873
501256
210224
153006
684921
175780
89965
205010
858606
163770
209675
720835
300961
634855
193785
547451
229780
819743
726953
845528
892379
707034
994550
682823
160106
350826
87710
914857
704325
601241
142838
32933
699865
644533
736763
928843
626005
738089
599402
718567
72488
950177
588011
458209
331784
313265
905605
213046
44101
601412
479186
869397
851013
243767
302059
190642
408135
60498
37876
253100
92351
250819
138715
792301
867
10122
403933
858908
24776
812972
249610
80254
246831
808927
345135
884396
56699
673627
150997
493790
87997
195123
925790
697147
936515
81815
688413
761981
438038
999343
884942
457220
820993
506685
710679
352683
616533
581734
252905
989741
605494
291741
623293
167297
460737
849808
895675
621380
714926
17884
215264
413714
908490
895669
254283
47775
997827
521297
126598
909618
456908
697247
423299
784158
807222
575765
760494
733237
923968
618770
698506
713814
316706
520295
64
40400
137091
811796
804209
300712
406543
532448
785341
923237
388337
760493
564510
41768
704617
228669
39908
713943
127513
858256
103030
973021
375320
198752
647278
155624
805258
53499
837643
405211
19486
464777
329528
4060
908502
117731
873802
382427
23949
908492
36126
859551
231731
313220
192209
887392
150508
905499
522791
987953
66805
291161
364616
101331
42122
678506
241427
777184
715489
829357
483085
634982
145207
994110
344023
513515
251813
653039
844006
852795
666853
263421
839949
430927
680130
808780
185143
321554
145206
722593
671943
532892
151121
168754
66681
551045
647888
225920
557457
240174
11703
66623
798203
778017
389733
289773
127179
876723
30183
532031
60642
67223
877014
497857
400735
327407
829160
552044
292267
32277
577718
591845
380367
324025
379574
958996
266659
473067
493854
206781
848021
948004
707847
463952
425785
104812
621137
863821
598457
184662
356489
599403
919770
445259
652312
179911
825630
541201
80605
159487
785739
199317
582474
772882
825584
993875
501253
383561
35391
942212
877502
16001
986754
254279
10125
406909
649393
458204
94749
746254
952628
814612
249395
225213
128464
505047
316897
587771
210128
405871
627171
71510
424424
426270
750051
199322
411758
449583
779461
790753
340950
310010
317287
959656
23954
986333
289767
135716
249025
263655
766615
843844
376647
775386
66975
777389
569528
184964
338131
993985
592480
621379
229011
235955
122177
497987
846587
798298
958027
940086
543751
137418
920996
356108
550001
449586
845099
249399
564362
583362
1244
781508
740447
791262
733894
129067
919771
191893
454414
147997
92609
273567
721873
528010
611770
430683
682821
395007
918875
178855
384071
713469
478538
341786
60987
567971
737522
49997
790267
437589
803708
853942
298784
39392
431801
496983
328686
526759
129954
381775
279893
830222
630215
61085
356819
416639
192934
946845
138380
764240
172190
970727
490504
145472
680429
992107
584179
715232
871502
571137
745105
657236
868921
144308
879613
967621
752746
848205
855237
405135
463993
47406
927193
458214
44526
163491
75615
837390
457580
644824
801511
363551
828928
140091
435800
506025
326920
836593
719216
496981
147326
653303
46942
631257
88208
184765
886109
575056
919411
520005
454226
909962
579854
811795
737840
359202
977441
127098
596875
642356
635252
514659
169491
80830
341966
946369
836795
23440
171637
129877
122729
606669
823197
803207
701462
623206
863809
458701
93152
354754
906622
20934
227338
924138
152226
599384
722137
499486
619435
725017
317249
152161
105141
373053
401461
90023
61151
594918
719219
790754
427417
745083
100161
261667
170170
576511
233570
354908
660103
759867
416217
472033
531229
940083
222754
950122
885154
256678
658322
363341
350766
430921
65643
591842
313082
911180
699081
791138
724071
152910
370732
626887
87928
724065
849722
336386
233114
504959
747414
135729
803171
815548
962502
125657
753405
960801
500668
651652
852481
705436
291485
87706
44819
549010
105342
996512
538274
676291
709879
568036
740939
876599
933138
858570
925794
116941
528026
4251
766616
985199
748897
492425
620603
95475
927532
206243
779037
695705
414135
630990
265391
425614
242635
746624
542297
300742
267725
834812
715491
204645
450104
790866
235053
708726
232425
271401
402750
567177
853023
198807
231761
10120
950123
221155
601863
445998
351718
767755
186952
175400
476842
135518
341798
640970
798426
920852
554294
636673
681244
630889
55232
376256
444293
953312
650301
96176
587750
933610
527886
396164
147554
122726
725716
481397
126510
499599
151126
163432
222428
516833
519606
880017
429128
529168
578354
155872
283850
689013
940183
97408
546119
72943
62915
609782
256816
997000
426538
792293
339198
596029
316750
375728
124337
916064
533153
510499
545117
747367
450460
650574
349502
419723
39386
5269
321357
575413
413566
290255
50293
947209
692607
557577
785735
661343
599311
215898
551138
417593
482884
610331
845014
562945
716771
710668
200792
381465
538576
927221
519030
61918
655158
620893
647974
946365
381916
939414
641554
856043
648392
363260
468482
375218
44962
944573
480021
459307
677667
32062
967229
509902
114752
484999
122245
459807
883387
978165
547053
45417
392641
810509
23247
292180
476936
787754
797440
589473
771510
525092
5729
13054
3342
989960
387487
417950
33791
814904
900568
113371
578411
261471
663361
680281
776266
103443
236053
688046
942209
160110
109885
618349
670317
618772
803168
148839
755858
444522
113010
713858
675331
651863
158031
485165
564511
489229
981575
525724
59261
420507
133386
316792
219162
126695
79126
870245
181698
49292
587011
294618
409401
912549
181419
205963
299353
83689
589866
472438
11731
897563
624875
164526
778828
236058
111413
943265
156006
253738
270681
688652
266005
207668
275533
539414
690968
676865
836991
5003
448851
654505
301298
979003
76244
51919
757875
609823
241439
725399
764980
144490
147641
405891
773435
832376
919906
30755
847299
444722
706713
570370
341234
876141
765320
206713
962579
70798
515339
299574
567454
748460
174413
443608
686044
944658
953309
326223
333329
643180
494289
154882
361526
824806
288880
163486
566737
885185
519836
295849
351613
890809
92797
225125
911079
734841
31984
407997
558875
860558
488781
734272
294831
965679
597032
87092
822508
541655
627169
93902
655053
616423
684563
157576
681522
296120
745101
597026
637808
308116
486783
150871
910494
910783
604592
862566
236300
850478
192614
45483
319158
732033
407477
211243
81350
562613
167166
993346
555008
637861
403447
954068
308335
917927
648407
666068
944465
125765
255375
23662
891884
799843
255825
925974
204190
954674
614704
854338
422363
631455
933620
157045
301386
915881
689195
317949
587254
884266
423737
930698
857413
984235
841390
224663
996338
910229
599163
368115
696855
583960
771662
830041
556682
550002
130115
398396
674147
934031
239099
123789
810508
112312
346831
395156
125980
341785
472053
658298
475286
345799
792623
920822
663749
296609
957773
372604
405457
217972
720941
64135
351320
382443
589675
107007
209651
306075
162975
876402
498922
894282
965515
467231
949759
876952
263659
827050
682904
580859
764793
697737
45611
310485
976415
670851
693592
205826
41205
866473
47577
808396
527535
818771
698524
655519
205535
100156
989042
60263
8923
435179
113379
226951
351918
912739
514629
357769
472283
602483
137682
209377
1738
132271
341814
887490
388143
75889
117522
748893
434197
443639
410533
983644
716227
95872
315332
244978
344650
704581
908775
295431
16228
756837
631209
738543
60442
893608
543722
421465
372903
817689
871222
433230
858089
428862
319862
539746
262489
390851
531318
306440
408031
1460
125060
280148
787401
191096
743980
700989
149193
601282
165525
72415
488788
774697
459256
890075
953055
783434
277578
801181
413306
283398
779705
76123
868312
979780
334253
308457
81697
345994
982913
313062
204644
740180
914005
695480
89636
840575
762797
660735
762849
311108
404357
929446
996496
986777
299815
211519
551921
326043
406671
363926
883724
856142
817084
429643
144106
833693
723190
307456
824334
526110
300597
331705
666316
526587
357133
682684
79567
907651
888176
842339
131038
859594
29941
80523
772480
634059
78111
841726
796100
850119
291530
910442
104335
784101
188091
573850
335177
206062
116847
735746
409571
962404
884625
264814
205147
866662
164090
900479
627902
175399
867490
678901
890241
893612
339813
182275
139051
252901
646991
166974
774058
84701
629234
481264
24171
897007
337754
479189
959587
194440
916314
510502
144486
512686
204839
872056
292181
785737
958779
758750
772066
11079
973061
271978
627193
25014
201282
835613
214144
224270
62918
248527
377500
735749
268502
445432
586952
886670
958007
382593
794919
804335
814195
703690
137384
847379
818427
874330
718570
521497
250102
495230
111985
708258
650121
4486
328378
704895
432691
626793
697246
941247
820995
934577
845539
903136
357863
132509
49398
167240
804266
511928
701101
57539
276549
723782
14241
562551
89488
165329
147163
695020
397210
792150
969273
561770
155733
51904
509803
486786
683577
377433
209039
281188
503883
458454
348719
479870
212957
27587
972386
451587
673052
374036
672009
921437
638047
30798
207535
124114
96860
375125
97107
73913
60988
491926
108916
50415
422750
307840
720933
352544
720214
804210
198849
974267
453666
587497
452140
150100
713665
408099
718659
529569
296727
211240
921849
764120
995154
480337
231526
698779
489911
861354
845809
775484
449354
32929
387176
924387
659524
316073
613851
850215
215265
81283
461159
118486
280395
4130
679784
511818
183311
88972
243762
177501
655069
750190
461381
583049
704423
877169
168386
839323
549500
837886
891187
803056
182238
446468
499343
471777
241023
610652
515463
203309
114221
960520
466894
890584
120674
771415
629666
524625
194444
323114
216289
681375
106724
438320
153846
205757
283252
923394
685515
3773
716594
409751
244961
575074
151555
61619
37564
905641
564186
961309
251896
409607
885361
555166
208966
557574
861267
123786
18069
6863
608407
944562
43127
960249
303812
133595
169070
366074
655595
37731
165555
153954
577133
983977
391141
379982
221817
235706
263121
82163
756106
145622
300832
65039
606701
659514
755650
614223
492882
100985
30921
322936
419924
397022
233926
970984
242349
285121
759306
982266
515205
502181
422605
481822
420056
187842
792817
510140
372802
51382
811485
113014
759196
50381
904465
920182
716588
383034
41389
490235
23074
664647
1914
671206
45269
142317
4129
431969
386545
218278
968996
326921
678330
457561
184112
754925
637082
187480
650422
915135
158182
402969
956909
956582
228203
991341
505273
754190
91484
396400
608747
901900
108589
105642
127099
786017
301449
652315
711486
431248
378889
590181
764957
498956
425705
134142
934033
218486
386741
925496
442346
275912
983320
618155
916937
319534
381056
374634
483752
891743
767359
54405
577611
716705
802162
623891
583426
349411
93610
442622
470337
984067
2397
543830
191744
620395
777702
461302
148650
374773
853411
61591
671123
740443
180393
645754
972526
481829
228904
595422
803211
599474
343669
481262
496684
337745
134094
38073
937972
768838
509900
466242
997299
852616
235449
18658
426070
683578
184823
946790
105255
337748
61084
52099
711337
591670
763364
389729
374168
372127
257805
636554
266254
584355
980077
669035
705958
553034
729436
653128
313531
895685
376876
619909
284428
827399
285307
38994
534295
981617
706317
454875
908348
665749
864006
207566
860485
265225
151842
913196
337757
414873
638056
636580
636428
275767
504134
621055
331782
98887
999497
181154
159247
806228
51582
835938
188759
350894
877172
375638
554206
788370
824539
401358
753834
516865
393706
891741
991933
700550
459946
348713
507482
70189
770742
542609
648145
307282
330149
142971
477142
930651
927478
652431
59671
47741
959887
124455
801286
970592
414105
108107
31894
231746
77669
827053
199324
147343
858853
829366
109077
498991
405682
402116
472435
290875
438765
323077
468214
786587
450023
975546
753402
989827
604393
46781
79917
710068
256289
907063
440581
414250
259954
635726
613210
461672
937684
218295
394535
68506
230326
606992
296742
98543
976444
727042
735602
149500
845101
602038
726801
759223
939723
74473
886159
467830
188622
85693
711825
974898
887546
950723
40354
506467
790541
165557
554270
969503
468301
324521
144770
541144
771728
64282
790755
196074
648762
935469
713789
701609
887890
690562
29673
884486
554898
306175
405458
997717
530131
363106
622711
78317
923369
378413
913287
154600
317283
923395
187787
774870
837233
715576
514811
768651
636869
403551
195800
544006
861575
14183
202499
882815
322823
279076
462977
349353
587495
906787
319303
452135
317260
853067
496985
977108
263637
176075
694232
175375
333957
946286
591838
233867
252527
68698
745638
317405
910786
876538
42973
837733
110978
48686
696028
343846
916318
94790
51214
830851
206421
887313
78961
699454
353015
526395
995195
706806
145549
436753
575670
129355
311435
134936
385768
313525
178405
672309
842954
872132
168752
971385
957102
268779
373783
789208
842941
611680
983259
974431
736019
699559
400997
199503
621133
233031
269613
543
704489
493679
692924
497618
400594
619885
391546
46631
175938
761681
719561
711167
102362
921877
675077
381715
342100
715837
144498
435242
905442
707079
64266
437537
198110
784685
432834
396217
291436
131919
272773
907839
396399
493343
623860
337213
645441
874738
363867
116459
401455
778394
143917
853406
315076
324310
538457
365996
115871
343189
995322
64566
63429
653870
734307
512905
150831
579822
571303
285946
999209
745971
19425
617471
254477
642257
700422
877933
179089
132839
156682
266589
467191
626110
966812
949179
23229
406639
954066
778861
818135
337904
697478
747530
59094
910167
376819
689084
415393
898478
246687
580294
50605
384599
681850
804238
326915
987454
449426
354567
559498
654103
103693
307814
879283
206419
370405
372123
565593
13052
327147
232485
424184
830797
709537
459518
571462
830217
437603
539626
376971
519490
725150
485251
144771
846753
433194
727241
839987
264926
338464
103628
672721
389878
297512
249973
459647
751094
900562
813246
639225
4604
30655
606521
504275
126183
140096
364036
467943
681063
232989
606285
637733
738427
933253
522149
191937
847497
819295
444649
545301
439099
82568
156334
335425
413565
257763
405522
948345
963995
525701
670046
20305
670102
897416
883647
45374
488681
785515
308239
506782
564716
542468
527540
833689
641024
351103
963470
35829
897883
429150
627311
854942
322627
970294
95061
293752
229532
244491
42923
493172
138260
546208
309151
898645
940184
753738
659991
270789
655378
250254
444294
688959
981556
125601
191535
954494
296728
131134
103622
36143
380409
665284
785368
597271
822640
784361
527324
690556
659209
526581
400576
833325
609220
380690
867931
722932
528138
784137
535973
779762
298508
446727
719564
220369
377089
250748
945256
119707
848766
619879
642754
349958
669294
555551
601396
709518
251595
113418
180081
884053
952626
385901
136133
187602
698514
637370
301382
291166
998119
531314
623578
151054
482816
419985
39383
904657
813827
603645
623847
847898
652922
34365
57657
212935
849065
313169
183357
931766
964399
522092
870710
259299
175651
450461
878179
676877
42118
348783
747604
738586
548499
723788
430706
543619
142854
9051
943769
297511
395503
266410
339747
755837
180037
799426
911110
392661
268381
833683
567478
165559
652914
596471
49699
905706
411059
964006
365509
980896
61917
424858
998586
759119
790165
687573
737053
950646
792370
135565
206063
16371
580703
257215
610696
586253
877166
416871
418862
486319
256574
414663
237808
407456
398397
771341
897395
711284
21071
624785
591429
662137
704452
962877
320591
812656
126889
80942
155813
568285
900482
340878
214319
900971
691360
460493
695699
833785
985402
174754
213257
162988
695540
404714
108663
839872
208567
835529
955410
900753
645831
964762
897332
259876
932626
953845
258018
22529
664732
656980
582102
191723
912150
390193
859718
738270
43527
900344
937362
685941
19927
890816
388718
705615
446048
904805
660641
722139
449296
871181
932596
501682
658418
98043
928797
879356
569360
321040
955413
906689
93137
586057
882678
412664
800890
735794
532271
79907
232826
149743
143145
901915
563139
317262
216221
397543
276107
687944
811701
585701
763626
466382
531352
198092
131563
320379
416439
117422
424292
525776
671154
450455
623570
81923
473146
66682
137660
63982
100688
19720
419919
807908
573613
135941
89661
353585
797396
794191
20645
772807
782839
681803
157723
290804
243820
731410
385895
113698
447975
687097
326720
161060
220729
278791
987926
183409
951277
85262
200158
307861
256527
676651
516143
681541
328382
617057
919606
133976
121941
343626
137662
126413
659858
879265
778306
598765
862617
291271
770012
485775
728871
449585
184892
307563
518399
890029
313266
51253
923071
604387
858567
287203
239572
765693
425473
373883
540735
507472
641348
493786
551387
168603
452168
83759
330706
209204
608349
247659
232610
839505
622689
546887
419691
693327
646719
594379
898711
317109
819968
5442
993230
358701
903654
640950
976185
728677
904266
896821
841327
577898
538034
937672
608050
829283
673094
197662
4845
979924
263123
107163
206842
698739
832222
588849
171644
822662
219416
556571
913816
412595
993880
233032
184738
627265
337499
812239
914981
829228
320095
663417
142894
89822
447885
430677
711593
276343
823302
466971
700494
728756
956375
635657
846181
307839
466625
608746
209564
899012
130385
725029
955290
772426
808263
376564
4998
606995
252766
638492
770117
65829
821093
42976
895067
417238
540815
751833
681944
400984
197923
802126
189727
271979
608543
340423
212613
367354
341455
972025
727242
234907
586035
686219
628394
123681
753261
37735
488203
20276
994254
791366
924133
276054
455850
451607
418460
843001
282469
21525
688407
541627
628015
808401
200396
815348
493967
451601
1677
479071
216291
799749
919953
148675
778719
142849
999689
276594
371082
649326
191493
822751
12033
505523
676912
68804
983647
548869
200918
537642
347851
455110
654100
673525
502939
616289
907826
908486
229948
818138
441403
58590
859375
693322
202639
409486
630316
773537
76738
316469
824152
290476
40349
78426
450037
515852
865514
384194
82217
151631
957663
188063
216808
558640
130878
944981
736991
34515
991724
358633
109286
79874
468723
244017
323094
278374
707833
35153
748674
601701
342872
121379
591535
5374
179017
730666
588851
222423
892616
315680
151359
454274
866469
912093
199639
484653
63275
673382
373781
980164
432343
242845
998291
109307
579582
411030
530079
863707
146542
337823
555598
751366
893668
419666
221154
461710
111748
693106
869454
718026
623374
250444
710384
249918
622694
684613
294886
989240
975461
214445
185190
298442
542323
607515
197836
413022
690461
338465
617348
275129
773059
250814
659013
383960
773216
818205
895911
99138
204389
964783
912677
745295
498598
62749
47612
887233
133534
259160
980252
485541
61979
634689
578810
313098
240527
313736
998161
958755
826663
5895
427892
604885
536895
507013
765727
703405
138200
228127
349678
532148
992989
784096
74882
681717
648146
859745
473145
959601
133544
964787
800701
73012
960577
695085
678905
39390
479266
748276
296367
791576
311960
292845
143375
637619
459100
315092
859223
956857
209227
648903
562496
52753
20655
65275
495798
558880
973064
611814
778033
437075
175997
268157
580822
306525
296513
837098
93100
478041
135673
422632
386647
977315
887156
765403
450034
74123
826444
468721
70203
221830
757742
512770
243934
663022
799450
435039
567055
181517
283562
205246
346459
411689
84073
134239
952403
372709
62105
733892
864390
156306
501259
957975
884929
575968
569887
653977
609632
208074
107161
208318
404672
360777
985707
806050
326914
156304
77591
716591
455729
666726
488779
359363
512714
887374
433364
674895
988085
971750
765501
667873
178684
52014
320548
527259
110138
702779
639467
153978
660461
720679
638217
626687
988156
216584
562171
897333
847194
109159
418881
225129
137619
977674
518312
420938
287537
501755
91955
636745
860993
285268
185582
566766
434097
771896
572311
653541
681248
764399
969803
86920
15462
245199
406699
568831
153405
110663
657475
689238
432342
268159
896855
48535
408094
44571
46683
119228
340425
744526
100736
273897
955669
840013
500875
640605
694520
26067
821032
386284
343519
428899
831596
551422
964939
27581
87823
210859
989155
447094
376567
897691
328273
803200
544746
428641
771233
386630
7518
623109
89041
589222
100543
858976
211901
856419
458391
344667
415601
924662
379412
51255
554201
257072
129212
815552
112365
140817
820249
950211
113883
497597
80056
128014
480061
690785
289713
621946
393796
861272
301760
97108
73873
876606
192717
466937
235470
50470
92876
110902
296967
902794
949971
770358
284432
585134
245543
190206
258291
19315
879333
210129
221774
848993
249728
567232
269499
263116
200159
662449
64571
114251
634171
887362
708784
682178
282939
37729
130342
374297
832873
748461
482935
661390
433979
299042
517763
390855
482939
478123
368956
405344
995091
542432
439339
560027
542618
18366
544017
936686
912305
160401
621736
101217
84993
219499
543197
287420
5693
483390
723188
731286
492421
999345
309106
859184
951898
669172
153820
381664
801683
738058
4061
542732
171124
41985
824254
788321
894275
570311
728010
937767
909541
43957
648954
479579
856120
937326
250822
746770
641569
226681
842939
950192
131745
392646
946390
8623
602461
992733
602030
137057
908802
190602
197039
742950
262061
61029
556672
797542
402309
819605
622241
133972
857501
476504
243488
577775
642011
714397
578878
837867
694087
665368
36945
85771
342869
639274
149778
688999
68815
207203
681894
326265
446365
800234
381663
629118
793462
472921
369931
394806
187891
200266
566638
147991
242461
770992
605027
251885
13725
542017
496775
29445
386969
753326
974659
761749
369015
263627
609623
527672
391951
535796
194047
554090
83776
146706
133758
974164
206583
476695
445421
177298
101110
998697
210297
268121
567171
72707
986332
148150
412601
387181
732524
556167
648506
816714
597231
400436
23298
665067
478537
577834
7593
967108
498165
47293
271981
990355
58187
338467
968223
307154
486767
644032
381838
702499
513990
718360
903140
726293
205040
884491
676350
114272
111673
285548
734382
483186
143410
179679
510978
585659
621714
59187
531077
543698
770996
242480
909543
512841
446449
906257
797715
661726
619865
934371
499550
656434
85906
195187
760038
969827
742216
151039
425843
557554
390721
602530
892384
770872
804644
445371
998343
826286
110983
959657
31207
617108
126378
778276
304313
970373
652170
350134
885603
942956
613993
642341
944554
768836
892618
662584
557285
482226
185033
177881
318443
889298
865746
64496
931938
95895
205649
347978
225995
891281
637325
337112
283390
604451
870834
52336
299698
404273
69997
50491
458146
314043
333016
851193
779147
840569
647306
66503
367310
816476
114191
271751
678472
79503
93279
565258
370606
317003
213769
108141
754825
949711
471509
703883
690811
15460
639309
878150
575669
19511
452422
19753
456646
956650
274394
383092
514566
676863
105782
763876
992119
118139
176888
98225
460229
498391
769450
651409
581116
100990
284259
825651
23740
959080
198575
751950
532840
72976
938779
569889
682401
549957
779578
174750
909283
338053
573266
146222
798782
680691
347909
166069
446444
840352
358340
262099
90210
615502
809910
745989
655913
5634
578030
455190
472696
743458
698888
314704
419725
680495
456434
279950
399261
891645
528131
475641
887394
80026
988534
263012
98366
458356
387662
520182
272267
574703
945942
153050
773873
521365
398970
602871
127295
394827
308456
263589
716390
735125
120366
784061
305921
461296
56987
873009
32306
662454
774869
617061
848525
203277
495776
490223
688094
5548
812234
209420
489669
410584
123913
115096
627551
258062
239428
510225
519354
452375
693634
871023
309145
658196
264201
991927
532009
670778
304773
639311
301398
714786
638889
949151
493978
451739
960462
679954
429801
784242
898477
539718
594307
983807
347435
357987
173702
977447
480086
990669
274436
479515
46758
799694
419044
42974
795869
661748
49339
510974
543997
21784
371421
256629
829557
134716
380608
119446
314683
952286
206560
208842
148895
23078
325783
940123
246210
598869
430804
591351
101444
575063
847495
63062
954715
426426
392574
846162
665273
761527
800446
491591
366506
397991
308144
654805
528474
167996
592201
63274
665487
480835
484047
222210
839767
994413
477592
585303
343095
366073
31711
18142
350771
437540
547937
812584
161669
343174
269905
966854
826427
845097
81041
257971
855525
451002
128771
222190
843424
468881
787842
8624
428897
667319
359881
252146
76204
349899
609302
830682
736077
252191
780031
33398
395013
148842
420995
501905
462078
826220
185480
432989
250269
593453
125598
533450
793100
704426
107776
407502
748904
465195
983739
286317
88474
874975
158893
928187
952559
59192
740941
851666
730360
868190
478912
811733
717932
420178
569690
361063
873705
792081
783593
88276
737802
185898
757415
147347
576879
414910
509689
669635
599982
751470
864827
636999
857018
779368
431366
436756
591537
151507
472543
8900
282077
130539
548881
858471
784925
993781
683366
209677
874459
841954
97364
795718
238199
254476
620605
846813
715685
656473
738985
239095
149281
313462
769585
897293
930114
438616
441153
73874
452351
130883
144572
218572
505863
381474
555027
314238
611011
931519
661806
902204
641889
70158
624808
523539
915613
451109
355975
592972
268318
151446
188387
577823
430026
200982
924874
744814
436217
854447
598256
719909
637777
131143
451370
622285
128545
388393
23528
890802
464950
459787
566963
649731
381380
406858
714601
687217
923254
774827
133653
47085
113573
337121
541206
601855
160755
670107
170461
444767
379885
253187
604677
364602
707601
148066
996626
200638
403375
418009
783051
280317
942034
739204
653313
958781
13821
780500
580085
801058
317585
992848
979059
924869
774866
943976
980204
461969
92647
938512
947243
63049
619875
114248
177449
351039
494747
99142
167237
519614
517268
908147
348740
388258
622482
149638
545526
943022
237224
274058
223735
588737
55724
376247
927994
747325
576525
447905
758462
505309
47257
655606
111603
278962
139043
453248
913640
3056
469306
321322
962505
932454
439189
991279
77689
996229
381074
448177
112859
432162
425216
926903
919847
54465
642301
872282
147135
729298
105381
77750
75776
779575
14248
718250
573283
406357
894649
740609
159703
588579
990370
281165
840775
395034
768694
948964
65809
972980
517832
978269
516854
250393
822032
673078
427288
387825
833657
691109
217828
397489
796414
953264
769634
163953
912950
96812
114922
675513
419562
925966
175289
829406
734282
864697
916856
674017
828925
149891
12450
623108
411301
570530
677550
12859
356199
727245
214137
104802
760987
92053
458901
457649
394024
681505
332381
286157
978818
70513
123034
520623
764505
467941
642094
274594
215032
974245
809429
355989
395900
516817
663846
457647
230359
902203
134312
753559
359339
105476
387970
500039
563582
813791
335817
162923
239301
420271
692552
278447
391252
233661
334866
459937
350238
116453
92162
211309
852861
38043
956466
748854
28914
299624
923401
279164
231247
351206
124047
689163
783687
503999
426032
206709
249596
91543
345808
537591
412451
993098
283567
338058
347518
967403
19832
926451
526539
426690
959065
198542
937760
747419
454544
782947
936378
759477
81277
847726
706636
769857
942037
551461
144249
967769
294353
73712
980758
899853
56704
540807
593215
785488
979878
529694
159981
306666
267256
703065
383727
939330
726390
884135
86414
972884
143319
391017
988891
642452
614577
79121
103587
938571
575608
148889
969386
634181
90435
541074
625917
527505
523635
413589
2743
506922
871120
281639
730619
194782
226000
175004
799374
786377
641920
211933
138255
429983
791343
820880
240695
60818
290080
400677
86900
862589
517973
156705
507018
486278
168298
897413
7708
742231
70143
422453
508213
334586
965441
973780
294806
92454
878584
393790
726693
671189
531861
873133
929563
354018
693149
6470
41325
80360
737423
344919
699642
433226
266591
8740
421463
494948
400682
94675
490004
568473
602336
496077
67496
204782
645988
480931
363862
591666
830791
277725
228742
532415
418805
63519
748501
217975
48758
78320
708259
81202
378462
111883
530607
449587
205263
736544
757985
353051
828280
754186
656086
244720
574328
258322
393604
251887
939805
456778
143189
523547
703554
834870
377606
363130
82060
626562
966478
125530
804146
739432
936419
812236
577423
681518
765411
12818
455405
826207
456821
459090
597359
517323
893891
716710
387245
737178
636550
961783
912310
703851
986075
590718
282807
738393
726726
26348
494513
95512
990497
108224
263842
122138
267071
463628
862579
381555
447884
848143
111871
353848
413387
752826
916979
799429
817898
899473
876793
129901
373055
909376
664147
355799
148362
415108
998337
545336
62513
833189
158301
549028
243819
846316
216726
638960
111147
284663
715399
340769
199218
22527
624027
36709
760143
818262
887419
694984
692084
794691
684691
467118
701271
604887
110984
197764
973257
26101
169021
464065
9942
819470
928820
7945
135004
615571
690285
627712
362958
292689
765671
770625
715257
900138
396958
647435
816475
793078
314283
504151
255933
874954
931978
495966
708731
473132
589995
253253
522010
379021
523005
873689
742574
99483
387294
130877
184445
295286
13153
473955
338722
613207
421817
198868
575201
616223
196868
987678
4156
430181
27311
347973
411498
26066
267829
708770
337149
893593
116361
993740
606619
963571
90759
357886
278070
373097
849397
204294
937627
190466
190434
710621
347847
325815
245675
161731
312243
89281
999080
978657
818038
582841
285824
388346
342589
711365
407457
592111
506638
968445
25873
675913
496343
387172
481004
983963
336882
805790
803465
740021
435007
513668
135099
199672
473250
444932
202155
551906
380602
740848
285357
613201
236937
76733
351325
166202
269252
259636
149895
783691
115601
187291
279623
304311
587895
386466
91789
14869
815850
655917
824909
589214
276152
405987
423779
279472
2019
334827
511257
54963
780258
450462
562062
947837
117098
654858
680481
145381
386814
52135
157976
287356
40815
893660
248624
73722
565862
102875
603554
426263
959367
879407
947763
223994
344526
83754
629153
977758
917150
477074
58616
619717
944128
213345
127206
616017
432898
1143
244012
350612
95171
95785
125200
375853
13409
517122
836411
525162
900343
103204
541735
896603
824067
580460
58359
458355
432381
188254
573095
320330
352282
176284
406700
738044
126718
327782
470170
899775
602405
411506
173094
449151
556927
467386
113183
255558
349978
208053
132999
530121
756687
256304
551371
129423
794259
294124
670182
925053
270270
304975
722097
50462
192161
733019
539990
187600
417460
583945
450303
669387
167514
920673
791521
994675
867820
46952
496075
781125
411041
590983
178583
873323
606711
580382
350727
51328
431906
3619
373570
445264
124168
788253
327781
35777
78574
60637
887285
546534
694469
817277
638149
257294
163851
338130
45658
626152
873748
919641
725459
568990
771726
752761
283902
599678
266074
666069
233869
336642
297301
602401
201365
316094
468244
502403
590948
697739
74543
375880
75892
613856
719562
18550
949349
762049
175871
587401
917459
715409
119660
341801
447676
20386
286455
154144
203658
615105
415243
73206
14752
474448
759371
33219
415628
364175
190604
973720
857653
264054
9695
592173
105253
29613
889850
983130
555629
787889
31985
182995
668265
831497
260509
992715
235782
51953
103855
947889
153083
384011
671130
455982
89481
199532
335145
724334
862897
572873
177303
28839
745106
682571
573682
822854
777138
972848
713673
779162
106372
178958
932193
275701
370277
237862
797620
529924
987015
314559
908410
693237
842657
129565
596869
567702
36047
202972
829288
407990
633261
468237
174747
224465
194081
96771
433945
625275
497169
883882
550967
567553
295781
871492
916774
961071
388321
554197
955371
778683
129560
965215
979334
651193
270765
479072
159707
147889
638978
748890
18113
537221
192213
110262
289976
934388
524857
109628
658649
278864
110869
395371
320518
946062
154161
840749
758782
717093
271822
363806
99043
381836
165085
397383
957075
262813
759693
522637
910616
919945
172006
379878
991758
647732
189066
208297
895461
76869
906008
353725
441009
810713
274581
934027
338071
280346
906221
269730
75788
553100
960106
886580
519704
179822
609194
719835
192061
513546
365898
330210
942207
595698
56714
975716
664994
967117
938255
348133
453268
556677
154485
357773
272026
95252
58121
414932
729781
358653
18734
952189
546694
186398
433225
253823
66674
424259
156547
270809
479470
314228
166187
810930
929241
331627
68511
659494
710669
40131
505194
737839
588119
429884
247871
427868
657302
23956
670098
828015
248525
133649
420657
115948
576802
694988
758218
792507
772388
647338
