10000 1000
21197
703759
609154
193371
577837
998569
725747
674634
231584
371469
21195
928229
590791
95127
63889
346141
426762
856148
488456
463481
214442
371467
802873
433621
706123
304030
497572
115317
330594
120506
620192
155783
19268
388295
586099
267973
96221
588837
761540
488453
596759
488457
692503
328890
73516
63891
379127
282370
19265
289573
75234
116684
267497
829525
598410
694754
867428
896562
513923
122766
19267
122763
60205
789998
83878
786143
276305
650989
974514
144212
63883
622318
984166
910750
2317
950039
211110
81018
782466
360457
15270
440356
244712
76129
206751
736220
248345
522728
287847
847910
901397
827329
790417
389087
137474
769639
859619
254360
272535
147500
624943
122765
287846
202941
852973
784365
733198
105001
180370
904533
911572
676357
901189
12773
460882
448761
27358
993431
286533
119574
333415
852513
995074
221603
716342
158158
922993
826550
299759
905575
509744
500962
110764
186613
207118
569507
726479
123499
412239
929702
20294
522726
615749
738486
222102
481169
516442
719906
721237
250658
203063
270256
431043
70026
437864
829143
504158
964451
88958
436554
623476
311102
790016
404842
869305
683571
699613
109197
468557
70027
660356
832434
700307
630765
612752
95122
306406
803895
101365
267491
716346
772493
53790
12510
128754
2319
602901
895403
648931
946571
25703
289578
927481
826189
385259
811241
460185
71469
795895
441986
488450
25707
356558
259595
75092
523425
826551
152742
792476
615752
431038
257350
262050
293437
731071
326235
898760
371905
77406
249121
276742
542251
426010
415677
600849
725705
987608
972133
542255
35165
578274
609158
726063
207117
637399
796577
352115
884104
248505
20865
976213
883504
340719
477910
86513
740566
188439
132424
837810
168777
731067
385829
827740
894220
218207
792559
205448
595551
529045
957388
228353
806373
12525
59669
405953
186553
994868
49726
577841
504283
947866
471337
387371
528046
619864
436001
224930
417745
562779
564323
463844
532869
455486
474463
504153
105310
611709
166371
24764
237241
769071
427838
799515
502804
727191
987609
584608
702354
594371
453016
371788
704513
573353
63242
22169
766429
449941
654409
635331
101519
828697
60738
959863
761011
604409
163390
137361
47379
169184
224425
165428
562599
607030
506050
236507
352335
427096
478510
692519
490249
630770
623614
869560
239782
75106
602895
826388
759800
948056
456359
577864
229817
303118
328599
735616
963358
954819
943710
273739
913310
167614
764019
684965
842792
552831
449764
698959
219773
634622
311797
879577
960741
792760
156248
893751
320431
81532
571719
157326
915870
746367
873556
594273
963755
158053
631838
67060
904730
529735
542247
728421
572923
77411
780445
325480
263682
665000
196
492070
922122
443428
974131
875344
198261
702351
909767
502314
909765
99607
631197
721648
60203
547863
265232
391417
746366
493522
175425
768807
604287
240130
67336
200229
856142
999426
406259
781902
112727
614697
690426
70162
166348
969748
226657
756556
826387
175747
567028
278023
96225
543435
236261
872001
623677
571470
342530
164373
600403
28778
410257
406340
6438
462801
249523
33534
873919
958465
34297
228254
34683
583959
621559
311515
445448
249145
618753
367949
892352
189586
100976
696239
200156
367420
33484
269466
305000
640447
35374
423536
813570
83550
276301
203222
730225
519880
795976
453987
539311
668649
217217
75094
561491
445676
848614
72933
27352
440385
235591
630332
164860
533258
132741
170531
586100
54953
539071
582679
546207
320318
301889
524425
724467
308723
682255
455471
959005
123863
675769
238958
914356
904367
847424
127699
891481
47073
371908
3254
887202
244483
591762
747901
269229
614958
918323
121902
330215
88506
715365
473525
375395
223478
980895
216882
822834
35683
280876
128627
753500
797633
689660
363784
686463
156350
101518
38049
456567
332786
489737
250839
392324
713596
162213
332514
767519
410242
423493
698024
730712
949911
608645
578576
62746
58479
577865
872560
306401
306399
127278
740162
588489
799993
179224
955125
595934
366414
333272
785500
422529
886267
969843
314639
723328
128391
458728
200020
711613
129331
320171
224134
780395
511134
490433
840544
443342
504119
945227
267498
610207
73342
146175
953852
449239
453245
132973
103851
589246
925837
367425
755747
993106
171278
443703
85436
367369
729202
188107
925532
156510
888169
827092
388431
296501
164247
59602
624947
250411
626461
775928
65783
156140
501449
774782
403689
280361
602139
748977
523415
712225
960467
336905
216362
974125
646852
847028
861925
6916
851998
179245
706402
365419
985289
861520
211717
552553
253207
177809
83765
660212
630345
766861
675197
564218
783923
152180
758705
351335
75097
558086
789274
827107
666589
657649
600271
238954
171394
275181
293419
66676
177716
581347
786069
116079
108835
739984
745387
561496
597633
274501
220391
965950
207518
217167
466324
61181
712856
230394
317046
400523
665939
807294
470693
512247
1330
297712
441985
587419
162483
784376
83893
665941
355206
131681
993194
836493
71723
741560
89026
222284
453988
856083
313446
601240
13691
340268
305589
856411
726534
481151
46861
924353
671285
351674
291586
693942
364568
743131
198409
808129
51949
18423
672382
851254
168244
12776
269974
155944
909371
842300
20461
250277
451673
944694
861922
376141
549917
8242
35707
590394
196517
572362
75102
468803
802516
490365
320672
112331
593351
406237
881390
490293
177197
702359
153727
719680
854077
587800
876654
900746
975922
894030
188409
998803
625482
630341
939719
968296
28739
961036
418842
488678
939882
220739
315959
419181
617478
327704
308001
332773
286321
226651
690129
709779
447055
771304
957302
825847
112231
457005
443047
806725
729723
981705
771980
795898
986104
894270
816683
101102
126783
940019
171056
704877
893482
294810
878001
83227
293625
150674
680882
174514
577384
876088
818985
908889
781053
845761
662843
150560
589178
785925
439960
359913
829569
236122
240978
601955
918185
223473
181229
963866
703063
441161
465093
284437
119571
251543
183875
6139
423251
635516
330782
294066
851483
107955
627366
269975
444511
261365
811766
993899
279248
921097
342842
129789
683646
864579
898185
751667
319178
694861
656237
672050
910772
722876
284013
128349
27363
572359
270207
886285
269221
748721
457861
925226
374111
731199
563396
651030
579347
321101
656506
634915
529532
142859
589867
86473
33184
298522
658433
588391
537497
64309
954411
123571
867705
946802
683574
77157
460933
931647
156486
902802
237256
741762
145180
945222
4391
565181
441281
49263
706316
645514
360498
802124
323682
364607
699488
419781
630775
385067
711305
168268
901876
563131
116197
604285
760103
792580
704487
805585
369441
571329
743222
449936
842170
163169
945402
179327
922409
237560
503615
352651
38562
365075
377203
439921
685071
888827
783181
584135
76555
792759
116678
963686
352172
65093
143518
429370
264698
274028
912047
500193
312100
257968
927776
541793
917994
295231
437079
488888
534728
216878
532977
991875
215677
234047
678725
402422
363473
603008
205633
366589
193961
453914
499286
708400
968825
635674
305418
716347
5193
227968
162164
89074
40420
792471
206122
231867
328659
614797
417898
350406
460027
324715
383758
480385
726477
310647
638786
475393
100449
16827
931541
307322
944785
593095
40124
185793
59667
403859
380722
511661
386703
285664
826385
31241
798844
418409
71351
698609
105577
798993
449426
820514
967925
768181
749517
722709
479573
129794
195439
838961
476884
516567
824085
973027
737432
968674
21370
376720
935322
52825
771051
209701
95589
203751
255803
169411
854669
576728
141656
881141
439051
349565
945681
178591
629795
210462
906454
858009
452947
116154
918886
132206
314871
326126
416898
131227
130004
621133
306402
479171
399894
450514
435215
577358
27998
465977
229685
727711
700989
632476
382160
752878
716848
64415
200960
471124
816597
544319
147127
354078
49917
976156
675529
614558
950852
626457
341809
613592
795896
478024
275061
591703
627365
67997
3968
228135
731902
987503
872115
902837
986977
551236
44853
278946
589847
721643
76898
205931
435598
132395
992590
618951
879907
94535
251096
275175
805558
514154
502319
783184
20566
203611
850230
677106
387899
249653
890917
275174
979441
977021
177687
579341
779260
750245
563911
985493
666411
399675
963685
626883
503432
909366
957773
563398
64611
253929
539887
654882
162969
841559
791502
9490
240124
415262
357954
786299
917919
164108
281488
673258
22408
250736
42597
418362
30710
815381
280432
700729
516394
903916
909759
277495
775263
156191
888450
642328
91398
341130
695980
664456
896776
69949
651025
811849
614522
851531
597239
939718
853378
658232
950176
892657
133654
487353
625840
15827
945954
848615
730474
287638
770793
387901
23418
761541
775171
298886
113991
586535
29716
960632
432971
398296
80107
681476
743480
768975
169408
870879
3124
521677
92345
613805
207393
49913
767794
133688
651872
327565
581540
301969
852748
821083
165909
660993
91402
742828
580639
333222
160984
907074
827091
716300
338994
504479
935993
102436
93974
353248
483587
275383
977433
111145
911255
565055
776855
332816
595156
488417
413934
954703
277136
935991
905179
288921
616537
918729
544865
560840
146107
600430
765361
537392
235856
481173
498497
868667
293050
787306
252985
176295
48700
511770
50692
120707
133647
877002
702821
132877
42754
183350
637993
109722
564319
634626
998629
552006
857313
939583
425985
904538
323680
188060
893394
690130
622330
849262
175750
199713
922005
961931
693399
557612
250069
581379
732414
238086
570825
683643
449474
624940
635706
489897
73103
365413
324279
533107
419492
939404
736040
597728
549333
253119
451386
366583
432280
102574
205000
842703
98105
98303
541026
830210
854025
429965
991493
638548
820846
626824
953807
213241
989314
836803
107062
456378
571670
271820
625093
683644
336079
554166
37378
742822
440889
4606
870633
960472
221817
608939
3738
434297
144101
668442
924351
898679
941638
2999
35706
329083
365368
561499
648656
609191
249563
790868
989608
429374
922243
483333
207173
323851
250483
173542
231105
771641
749511
716477
738699
706918
556995
567490
904874
30110
93286
686401
7118
501327
86792
190513
395954
307226
114668
67599
246140
14966
712410
626073
993302
979835
929171
930725
38275
108315
572717
99235
732186
569511
179834
721271
215681
25881
36231
811923
221008
460183
559063
780121
692713
475409
86510
947591
309502
188012
70645
158407
138842
970573
212017
398271
386723
678422
558259
836382
756392
559274
35739
851080
372592
152054
893931
879174
984511
316831
78561
40338
682045
783185
520974
957901
898662
731309
870062
597280
955160
723583
988237
263272
937622
674342
202745
355927
712259
716322
253629
629814
171694
164229
871408
651595
914502
215782
235614
340181
827286
890337
893326
573920
28738
498349
488270
441445
56406
401435
151925
123001
244913
543724
673660
225604
893073
658969
499090
101545
855537
303785
636194
797312
85043
583111
773699
226342
320159
980827
377117
257957
424766
235550
99178
148831
904422
795859
339006
683675
88947
750142
291149
878359
132392
838252
631553
440101
499066
418301
10927
133477
271979
429040
619678
976942
210267
644861
930914
711523
519383
32682
662200
442250
638254
934471
523171
904734
856291
887198
501211
323605
166472
820516
717788
589461
603943
404142
637138
996927
336469
50764
112276
572391
34681
937911
401288
635725
933005
765189
635754
741485
79625
116413
858455
8774
524062
475229
251708
524426
398272
368757
482473
199890
19430
190828
319999
928696
505012
922000
212722
183892
58868
714214
671750
303704
47063
207157
420757
704682
358346
477394
493798
106897
528896
378213
523923
664741
376274
445585
725009
629809
71331
600515
781094
233071
576667
207043
175939
334703
55041
487055
354815
995691
198283
368249
445318
239032
660041
462678
433808
748733
68421
632390
573737
976927
999243
576446
912976
950234
394066
738464
167384
988998
872346
358516
949634
609559
187650
581822
945230
904873
57889
604279
752898
333161
229016
163311
61186
590455
58261
169119
270654
511314
819547
500924
771055
614692
498221
245776
971177
697118
265424
766816
545992
499061
741440
673518
201575
2260
922436
164538
953980
734325
949720
415866
316409
794521
749942
100954
270236
587569
876438
305588
525691
589449
811100
222103
215253
896012
893750
626997
101363
575655
385263
855431
686866
20471
927165
642596
131238
124960
909548
327981
879274
947680
374391
709477
750124
375179
605471
589088
184072
718208
668985
203546
580088
803109
392499
566546
586605
344501
555028
792761
350079
359247
694238
401054
713254
875021
592379
701533
383045
225365
71632
10789
89121
455083
16981
179534
297545
108297
665937
663258
37994
793967
45177
805544
464176
94511
954405
686827
948308
634623
261683
385832
771465
982735
314007
576722
848552
514970
564715
315855
800081
917342
669976
15717
467692
66001
589005
111247
677331
776183
701462
428037
735270
200622
663805
562511
561160
567455
851982
314741
229526
128819
550979
301355
124962
32693
637098
460661
344586
327131
516979
52655
245708
834035
987697
254362
844960
850617
472843
392060
913651
528121
629111
604286
940570
13600
653908
719911
739095
672511
334386
449650
180139
65961
297165
257002
606748
634381
128387
122011
544971
43515
40415
643321
128874
799856
679063
17371
584899
273693
172527
760719
577515
386478
588332
405236
975315
952868
264790
629048
176619
560994
875884
713758
987605
562038
324007
459903
659970
240125
782611
145039
915674
73677
287032
734565
39009
300052
320593
690562
19633
903034
557247
373570
689085
86669
488740
314708
71134
263252
946098
782333
744797
787127
645277
721122
357951
680718
700719
35704
835131
984609
708259
14565
123525
725117
674302
177681
158374
395158
905533
203057
439952
158096
388821
712650
252596
171778
240050
609682
843869
657407
225711
357983
412947
524221
241366
388735
298521
719924
970266
6501
787696
724539
127796
464715
531234
292616
122643
55103
408231
611038
728635
650215
949719
617480
19102
104393
233449
720388
343973
726970
181062
974119
501225
238871
894028
687791
804399
527190
938300
288646
382645
169412
49914
567275
21561
317983
958687
770667
128751
180280
488449
122767
502662
38142
177594
211355
733767
101526
73415
395613
34028
892231
367427
795909
446506
135241
291656
962335
379294
105027
331663
368890
730749
861810
876001
525302
313237
884694
237002
960927
559094
181211
296190
31845
129502
165114
833593
914392
410206
370565
148699
891343
686363
287622
559827
142241
899212
147265
711058
419944
876998
248822
45620
149891
690075
255875
248474
472337
346786
652803
165118
320597
967484
588990
521327
445442
895540
931479
673797
286683
768322
643168
512612
168836
692896
562678
227320
394161
749445
377273
337315
354071
450754
851176
79526
929584
215753
229000
640316
509464
545146
66526
447942
438811
119447
164283
525334
308125
71727
335467
960306
852474
287162
559171
270557
345043
480311
165027
313166
986162
982840
600404
457601
708959
866731
463148
570635
344757
544853
82955
968318
573886
974199
991555
898279
414545
389324
680321
523087
898108
848991
751856
281141
333375
390283
689620
496434
392638
26421
270099
702356
343413
724538
24110
469216
679739
594179
108311
304390
360169
412647
389776
944752
475396
819409
35130
789007
380990
265425
997071
344560
470221
226582
21488
894289
802726
679805
386699
716002
114385
19729
779008
749215
453803
283447
995770
214989
100445
964915
690125
119072
63813
149890
347574
830452
722998
112737
84238
132560
985367
255956
321131
519427
340339
31143
116685
212406
83260
119991
472591
916564
362222
703617
414590
853539
541
927367
781052
124329
943322
89143
688193
294898
497902
319275
437732
109609
125919
134351
314967
151602
128483
41048
158627
900440
7257
66400
966157
130973
820270
306032
905225
228812
732149
785159
428879
207668
300033
480914
234928
887839
132990
722925
410237
203547
885815
650103
647044
736609
855479
544763
308233
554649
472749
307726
591704
92313
21566
881459
390078
117762
954601
342752
357081
668191
927522
35938
383586
38714
407020
940940
768946
679529
404985
1598
938449
797091
102630
284167
325807
427315
272209
625547
762198
187926
837114
288716
305082
168778
103341
418682
400696
406078
79443
505886
996954
74143
686799
640354
128193
640305
44115
435214
921280
880343
646269
339278
282143
112714
331271
940258
304232
821985
228789
284247
682204
56729
702930
932349
243325
291467
751662
794144
297049
846536
723959
30241
245471
646807
516803
548056
428637
39177
859409
585656
837117
665277
581963
536365
284741
452114
743060
379799
428991
774820
607700
250314
963045
289966
455715
945
645071
114812
735227
195377
648897
129999
561226
456374
733755
221098
74189
998797
450220
291587
890427
322305
329349
475951
32603
506457
613879
449618
373657
151304
40941
127203
820858
857893
853292
433398
667753
127873
66855
416219
786889
379131
249699
126961
780155
766549
707956
890473
788886
252459
923888
99400
261368
73168
553324
67337
882750
233241
288645
669382
911382
66272
393862
15607
762647
981142
471488
976412
784549
562994
895489
467858
967840
447596
722008
763173
721954
396539
668205
481206
622267
850448
209925
23698
807686
525599
65140
189345
85342
992226
976209
924049
46549
600652
180122
564249
879707
348307
489473
600424
219809
913038
165056
736291
562362
601007
914890
784967
787395
601154
466005
767035
465532
529334
114124
934400
570646
965130
516392
893774
606520
529479
344845
568619
140085
112101
232258
770081
789482
589189
141975
497765
656896
114740
948989
230881
801947
267354
798485
593350
885403
888313
197447
195942
995554
926763
117951
432218
954402
520373
32379
545178
922938
343587
362116
555307
65236
447945
468643
952254
776233
469614
653497
890339
399558
687171
411793
321103
796366
397880
897926
193959
733201
723094
178931
266941
897100
912109
87107
809038
435963
385651
248218
156352
499455
14170
312367
137131
950855
974653
371000
466385
235543
145655
913642
112206
130064
196883
776831
607745
176162
273724
122024
557635
703273
693013
128759
781271
204041
134918
905230
105154
466325
346250
881433
672642
537365
673269
536991
851492
68395
976946
714501
114271
876790
228355
433469
824498
93761
195061
854269
83769
226046
66196
696251
528117
822373
386851
126222
365836
691807
101002
581825
2630
195445
466732
157108
322310
598076
206757
551235
720201
570469
52485
268717
40777
718855
235852
972632
297045
643254
839492
267357
791727
24198
315102
298502
337328
986242
855148
349722
214986
405116
78872
317863
465889
341093
603596
537821
88726
8735
410708
799506
930992
880493
578271
364922
768319
746669
671322
932002
261942
781841
140893
967659
133366
401108
479922
679366
668886
130895
140139
93167
23722
753426
6337
917341
711463
241132
679809
318421
366362
334458
175749
244267
406081
372553
283610
921355
174052
100153
562441
999071
671478
564051
703066
452810
934319
838099
365756
87791
696397
721120
343412
871844
786142
132054
715463
909925
791577
570078
692655
328170
107091
204503
179679
640469
902102
269245
265803
752024
192550
396068
101078
628686
427209
524429
653720
349591
35850
359043
584353
698633
649613
77155
74397
20297
500925
692433
14205
289215
338433
70460
425899
729692
125115
811074
570742
178625
427955
697574
934805
267928
919977
620113
988591
470273
203249
613941
173295
900311
121024
85833
596634
762121
147525
370777
956145
842265
479917
858223
712138
219053
119602
290882
565277
585254
952847
627158
570653
14823
129704
996773
512783
877289
442179
443701
324175
175424
740179
335469
346735
84515
405934
71896
250276
742722
667946
887534
617071
907318
882379
971081
869134
774823
425528
581555
89569
125733
555832
262838
614747
530787
595727
405188
874268
552662
172448
274183
805579
460686
330797
361379
267975
968487
286015
10228
371351
783752
488447
345253
666707
369956
946861
332361
741394
330593
23795
470027
476708
91869
89197
641949
239761
47321
304996
245775
832559
83764
859505
546088
561653
27239
146593
672477
365927
876218
435866
533378
532362
347480
271729
981086
2535
681766
940943
761195
354184
928363
253288
59300
503951
919317
35373
502996
278995
77993
43960
878423
419757
663547
685718
76758
422282
257754
382014
144574
172528
501676
498340
976409
604113
720985
361
557323
481876
76563
918387
27999
433807
746013
549858
816260
194480
479167
720584
711652
544601
778406
607024
999361
470282
667785
274354
712300
781744
127004
276347
207290
922009
704564
831290
2810
358402
911626
783325
664252
471341
461913
677883
909088
261729
380960
266993
568204
967061
451975
540498
67505
592324
806922
795383
682697
498095
183354
913337
364994
568714
303367
646759
24530
259118
697573
226038
267976
743833
581385
254335
845756
689927
830662
668711
828387
269716
201521
570548
752771
704251
334359
487773
722718
692514
428039
531308
881161
740157
412058
704386
228059
146255
245610
431566
446230
734193
780848
376226
87418
481565
63223
801958
908934
235575
37472
383438
259446
197306
587600
327314
434839
40828
339157
97076
359739
622274
722987
458502
146861
614531
486827
500519
920813
315483
520905
707678
331448
193957
667081
346525
850881
217710
378282
236935
790873
772078
888210
669195
698162
380824
140735
52712
640643
375562
400256
147769
681162
420003
946470
576615
593733
536975
287469
28232
156737
530127
622720
124307
711301
709439
642165
489103
811918
252854
664394
486806
740254
853577
594268
881144
788697
462495
697636
519975
334366
177287
488708
892037
188464
973688
926102
34039
139480
184553
3477
836817
570643
186616
259743
402961
637894
655041
125103
118808
189693
549922
563406
438513
580077
340154
576992
737282
269240
338406
555083
864414
869657
295330
624243
881391
712642
572392
774784
307405
996299
547187
698444
374850
926643
190313
935262
89073
826184
285075
929158
504860
212482
732361
537398
352142
451454
657923
945569
217081
603265
744553
510183
204609
58266
569266
484375
570071
951633
561651
962543
210494
590510
38633
914678
273741
868438
193551
190573
723166
827223
463193
647299
234353
637283
956156
469805
13819
698599
797096
609644
300031
173594
531237
163089
951719
518687
475112
169890
867786
464118
236143
963890
339341
319401
117849
30104
530416
796729
470537
731418
559970
626943
603005
599195
268720
37808
533737
876573
97199
531993
360170
941500
309503
687786
429697
804808
257254
483441
488673
229714
6904
628950
729196
401992
34256
526474
83889
789397
8464
327850
209706
668189
798295
814947
350200
403461
272188
342350
913539
762567
478772
440071
800411
785658
944749
181724
573249
662310
253175
134623
321047
301420
621650
688183
604289
763283
853526
688565
975916
346251
977271
829574
110462
412950
776205
876800
661112
586257
794918
962632
173375
591375
916766
497687
885481
863082
221062
697141
884791
948992
975934
777451
568360
58929
680831
214222
736607
635287
598458
544682
107447
595086
631433
979438
965771
639330
3217
977773
248537
637264
929907
955395
232785
621186
616315
51068
786687
8277
356555
524059
506158
652890
739822
611022
394613
376136
40546
205165
995586
110469
878331
344642
682319
50567
233214
107810
900751
324560
770702
605542
586349
740085
626679
862198
372460
424928
573738
937400
512357
602551
294594
182030
63887
377094
992525
829054
577832
283880
956384
783017
520455
22205
341171
935341
919737
339031
157613
109147
231022
802906
981635
560727
440887
995583
956646
482406
555510
757121
489908
233588
968035
91210
330524
134956
93525
702201
943249
914840
304709
681506
515821
615092
314789
147307
747454
664885
424865
385162
963862
931474
997166
141667
817151
672143
744975
581295
391202
821084
893565
165935
786293
368786
69206
837669
249739
577362
256257
455593
436123
671119
495546
760096
925281
951141
527539
205362
843957
136302
203453
434516
93979
879800
760287
470710
221310
723011
934133
704586
412137
650335
486083
437631
909760
855451
630343
178962
622242
544314
642354
68642
100386
921911
680303
950854
958963
671947
968966
548430
223271
996079
182994
454818
575830
226688
171586
214855
835108
313407
522041
696686
356825
623530
109890
141331
23719
325646
762070
865473
853407
827097
234269
1690
399287
50679
391143
328637
268909
334369
393160
7878
792167
681212
48570
836521
707118
912038
444014
876260
751732
566238
993714
727554
319433
850727
475427
900527
243803
632710
970143
236785
816802
99586
372247
261938
868206
70222
874246
215320
758845
3719
834080
500732
218169
612949
926106
761835
616918
511443
370562
143734
207858
691399
121172
529808
25741
226702
39399
338019
35573
180182
664538
59995
835399
903894
583106
635233
337946
703134
620925
330283
56917
227480
922151
311074
587300
597858
46294
958684
201315
271861
928075
423039
843533
372586
979443
684616
497590
91022
44933
686283
795810
335468
570781
715547
915427
490454
270100
699475
172218
525688
807695
40136
344105
633334
909837
831532
223915
176301
184530
191858
579841
658208
422545
910335
206767
760579
253737
650671
755951
688391
913948
435682
472774
806168
866961
307084
374954
972665
379813
340598
106901
586793
944837
725917
662586
367623
512813
335406
408478
921274
900211
847549
980849
277889
278128
982033
947694
548848
689662
867474
691225
405954
347370
572083
648292
885117
435694
683565
94617
852510
600169
610458
703081
728210
890925
453642
530823
514694
387982
177158
455387
950404
759393
296291
313729
249117
912709
926981
42800
720100
872347
140466
871372
226227
69209
269806
219814
929758
892235
656701
314006
332363
112748
211827
178592
447673
349603
972148
351260
169293
151230
811659
50055
835135
332360
414137
866891
78461
811423
501535
18212
404662
650166
881358
713298
564883
748725
593374
653579
246102
783698
919592
964970
220554
768395
925139
271357
512816
710682
622168
59399
109725
64779
322384
232786
686798
303790
785950
397686
229042
893756
191305
864856
393298
419830
836461
276754
280901
486640
693356
964486
842177
351070
28904
588483
909298
749452
133377
96184
642486
138458
335602
347233
604411
644267
782241
527659
253340
364279
546205
777957
589184
224223
984514
202543
269885
815961
412429
717661
449241
637103
942921
514672
74720
357709
964995
468466
724088
920439
485192
531147
653534
355298
239786
248084
559120
919274
915478
754589
910367
623588
593790
283408
145043
411842
744537
283694
25388
604507
131619
531010
357980
125203
267086
128155
211203
18518
909770
900467
250426
869395
930524
407699
621460
268055
382897
648811
95179
785622
79871
404305
798369
5286
510954
462596
897639
536326
331444
224606
782290
563121
230562
968708
135322
24184
784700
378349
570824
355427
270367
668885
930319
998347
184923
276787
890017
150509
734213
460403
673060
722965
768905
579533
39093
373442
704182
766250
834697
296702
179645
689605
985598
565708
47512
413919
944678
763120
408238
229649
660358
102259
952843
482119
655924
694773
171688
490247
65150
796732
796707
855368
904146
509943
320325
735226
604833
278337
789306
478766
375750
155806
320894
153352
988055
290493
869934
26911
91880
119675
94769
131235
432184
124934
651390
599203
321279
187814
349394
783011
509018
604774
344754
102393
520802
588743
891568
475533
129963
710679
471690
175295
273663
977324
963897
992521
874184
596667
773786
333034
750641
660234
567188
535495
186010
855347
366608
424961
468171
397038
640120
211262
229039
626464
778889
208257
502123
704488
767474
983798
99328
507261
151758
604897
999076
155788
676539
321647
19652
629949
58883
127256
685616
476792
153917
341938
992190
887175
224558
821222
338011
281826
332362
431993
772325
343050
314226
204402
518692
3472
687851
321105
697569
790803
169270
446267
683576
476621
200573
396107
21782
264786
68334
986550
84198
865463
399625
316088
245248
666858
867351
913739
140780
86665
521871
986008
383105
2417
578649
233343
544804
985449
207215
413951
818981
672380
507622
779569
474630
498255
392212
827117
38611
722129
411755
439631
701921
128523
631438
329227
602548
871151
435745
878456
895741
506984
215324
260599
232678
236596
832701
685948
237243
415785
40325
414993
200774
107195
198009
318503
641080
238175
488525
857785
833479
894611
988561
877670
69530
240338
426771
327029
53979
697201
454725
500641
212039
684023
310394
584348
540873
266517
31417
185118
943905
29375
471700
672759
525491
981147
366695
841959
760419
853666
545447
821245
522478
362506
985070
913483
94228
874492
78152
690486
128907
861327
205396
707860
191847
315104
72602
793202
39326
468635
316610
490577
356819
713248
957448
658749
884947
56139
601655
104120
222290
769264
618269
158099
420585
519220
777501
250907
829686
966778
85948
350513
282774
48304
770638
490315
535107
713167
859877
274304
392855
589049
825488
140200
163972
691502
321106
739499
99795
825766
297731
973470
659518
115282
935552
905962
962369
181927
523654
626427
944854
204064
937799
768301
406251
563351
620619
619195
118144
564315
506452
884709
387406
129359
449269
254926
492859
355065
371857
912705
147766
607157
816606
823145
205338
904010
301419
750865
594189
537863
254207
986006
9610
788882
588326
972910
186345
271462
673795
609473
77819
254199
589646
76903
614013
96523
698853
756839
670179
563761
540649
948957
275948
321616
780246
456375
313388
295401
589000
280343
917703
524254
308703
19708
353874
655275
405173
989957
499924
584444
578610
459831
991698
567763
142789
376358
787447
241562
245506
785682
50703
193006
613268
432221
799280
301263
493000
952725
711471
266521
297308
776061
58166
594722
513107
796122
15389
561915
235307
372847
600427
855920
950735
36707
97690
17106
681758
947175
96878
891629
3973
609104
827202
126991
904093
970942
24607
124925
108157
410071
489399
507543
661588
906949
820795
778322
812642
136000
337371
378217
331566
918389
388677
969162
977644
85059
633954
48055
780178
89660
549551
980166
651742
827120
700914
589009
851979
373436
291964
182818
498655
341559
742348
161923
797367
748671
127339
289813
546697
137360
561212
900321
285474
924569
535384
473639
675106
205170
693068
525631
807481
259911
980557
367462
967682
836726
416932
405435
368929
287499
54493
183125
18242
405609
608477
59312
960639
477606
112415
853277
202795
936270
371958
624230
452710
603680
353313
737747
829199
59311
852601
734215
66522
866975
437667
754242
703705
64904
470261
901047
535058
777603
954644
985444
960436
540116
805082
737313
479092
166689
252426
270250
833125
647176
512609
2228
361071
400676
547723
776463
898605
645616
993993
184640
65024
885496
698714
998632
766205
949630
173667
610610
148561
602611
278876
539274
653487
49201
243005
824249
217174
500008
710924
760465
732605
224609
959831
33430
563128
42059
824751
691398
635723
689811
385083
218554
702817
773875
915955
280226
700766
521809
96229
658553
336671
397910
500615
973969
640703
25796
176105
968726
431795
716295
973979
417109
577876
64603
194785
700132
679061
6762
242464
119788
500921
706935
969163
487181
946863
650
893983
492142
300051
207523
564991
376990
210621
534997
564713
996873
32782
275953
827083
735075
559064
708519
9649
502316
368209
751585
467175
462405
38397
231611
227644
575972
3001
736808
29408
41078
970250
82436
700770
135033
776009
90160
495130
372282
520600
190817
729848
667702
928539
83092
701782
11510
916229
931278
539365
138748
740867
177003
22472
320921
291951
255677
496991
520965
711544
515823
260629
87920
943325
922342
129823
374698
708955
447427
676469
660712
268666
844983
693944
772280
415463
120226
314031
881394
259027
431024
481725
953451
267787
17049
986273
190589
267053
353974
835793
880220
416315
829137
499051
756859
687376
786032
3049
470637
7324
157156
151762
412755
195107
404355
455950
749171
143429
449012
209251
708953
672641
264071
829699
250072
454614
231649
889184
13279
766130
393884
154445
624446
341150
145265
173310
100286
613938
240269
932548
624561
457981
792426
926174
956752
116550
209385
499563
633471
127282
629122
738810
27522
539565
309339
564650
846205
686288
84797
689523
790136
619713
474437
525789
154040
32790
755106
203226
71153
97430
757691
293863
85736
485191
956155
718575
831922
534110
152383
34025
628163
860386
228800
511833
554860
475118
19574
39394
576836
991610
843591
513727
47939
702373
544219
829485
894386
114254
475748
268509
936613
942182
663267
724693
404243
211407
246570
322043
58253
263608
458810
487925
57009
66845
63674
455365
894025
916976
508527
31178
401191
987753
117407
700930
578575
116986
245030
53379
6238
265857
158795
306711
323043
150394
576878
783345
526706
470420
904088
335464
631124
86590
12523
211358
432531
548027
353247
554864
384235
571911
808743
900615
88864
345255
666377
381626
420237
470631
762275
480583
543262
781736
746804
549898
90367
132394
102633
994468
841002
529366
452314
789698
376311
170343
480838
264879
80919
185851
914381
123023
44306
958821
210926
659931
860385
238114
815293
183352
692326
531236
711335
55605
618199
188800
64165
363310
215133
747558
365750
837220
256014
28617
610305
641474
924976
634111
316011
848617
654883
106383
901413
364455
343442
9041
928431
911687
229981
844023
889845
107657
916243
422835
705860
953686
798827
301418
283605
64289
53639
658670
88859
451687
578938
446127
741718
347288
379268
339003
377146
807881
857621
455068
713759
294337
976081
779960
289394
460922
826381
343701
533583
613646
658045
72947
996652
722134
587433
934234
626702
260435
113910
412514
887541
749365
530417
654457
599510
554979
975435
137747
21855
444798
881159
665608
82954
11538
401105
329913
565001
862630
781826
442925
174176
532441
890721
888893
717241
238414
40791
650689
155530
581165
240153
220725
963872
275178
97710
516646
393281
505736
928003
218900
514241
998047
237135
431110
413611
490594
405071
337631
594195
694647
12772
480401
546748
386540
45062
708239
782344
719113
404466
209708
444942
66843
928184
533381
982388
921158
654098
426213
91123
787072
578218
303145
697430
992422
744926
826153
148826
178678
436699
279631
729233
612482
976318
139998
50179
998250
625256
590081
453963
865730
452235
604389
32049
648237
50228
796690
209936
156731
662747
499306
252781
920965
777938
176271
139600
122750
882016
857788
891631
489907
743771
99394
154947
3163
286575
786958
596284
831485
380343
372997
260014
401106
473701
866118
552018
370382
381484
437117
930339
401080
642553
212332
962545
638452
480257
238362
241135
312338
107085
688223
624320
222285
696294
253123
126226
654731
180046
241650
203927
979792
396159
870977
42964
283794
51232
316459
15484
895470
458272
138075
990986
176922
414474
380164
130983
963280
638446
869697
489896
297389
626778
42147
40330
347374
816645
831863
805134
473164
791355
167360
832022
720563
570247
429053
10279
293312
681991
459129
534928
372387
688309
437872
320675
793615
674994
941907
979423
880041
911627
908834
950074
509249
551010
549625
174022
339256
876082
882511
389403
969711
201929
370485
597044
816773
558261
742132
41386
353750
628251
758466
766245
708441
228637
12506
281354
395498
44794
970006
426265
817942
671291
989373
908687
70639
732649
356954
957035
291465
62178
838506
115204
709505
786894
354188
921813
607754
168725
331276
73515
224537
52604
27006
664857
573253
351294
113303
453133
619960
15562
768886
4075
731210
391003
917390
731745
908847
1119
217989
563129
673275
282093
960659
929115
240029
998715
684255
16738
640257
857963
562288
597692
817129
733618
889546
603899
853801
700991
149260
181355
441092
901225
235873
505264
960914
65594
343554
944217
584392
81675
981159
643253
313448
853282
457542
188578
578506
225020
181359
658747
669434
361023
715062
24633
776468
741387
252257
530145
655916
705310
900921
878523
531608
913103
256886
25785
832792
449829
374742
701753
650537
112081
645298
393655
209702
825421
361602
944622
562563
503984
392656
663006
444433
674968
820710
224077
174669
809015
562675
143113
976417
12778
639597
740883
28291
90414
584720
863954
865732
585194
33174
759813
501182
868069
932216
572966
653010
919108
180018
976553
736839
791182
42214
733937
690126
280277
98493
297451
206445
604828
378941
532722
402496
164915
417461
12220
79945
794082
37973
268121
961105
338979
468134
159038
674024
336467
550129
880474
365596
96080
738835
122742
456220
522923
71897
708442
387961
702810
571717
98497
245913
900001
552629
201962
877365
728875
769592
107682
984112
316278
443219
86010
406277
970336
432284
65083
624973
786283
147975
426973
106249
930366
431735
15695
991675
526959
721493
242459
127141
254274
890287
593758
967227
686701
763982
949335
63697
16414
601010
872095
490827
327379
974890
334715
891770
492170
596767
602098
922888
715837
456844
877595
149101
844528
473705
480944
982779
10150
191009
450283
509336
340526
331030
401990
572751
231907
503685
362647
779263
190665
602836
559446
131557
41907
488884
506334
400690
155739
737881
277000
221733
338065
766240
750104
628499
870983
350409
7086
830281
781638
771464
915488
781598
906023
138077
165140
533463
260823
231859
721280
124857
237787
127252
935327
428303
80066
297310
489253
444321
170433
480817
773972
83883
385835
679256
392262
432369
719409
810904
433005
607603
878329
939947
350429
346985
937493
736757
467711
744998
143726
918507
16159
201819
474707
468536
686793
166064
522689
319492
903231
493095
575657
965
864530
209614
457265
513022
214147
733480
389799
135834
528859
817237
811384
742759
200354
979742
379086
724133
820004
608410
336046
967796
782539
358400
99590
473790
941918
342426
613876
324670
909758
207210
783610
426968
836659
221887
259744
884653
785621
845593
643198
235744
85791
187978
900637
905511
637255
740659
841482
827222
921807
645057
843563
135131
655854
181329
743129
966881
46136
80745
364927
303238
920843
142480
416485
842657
301892
760931
722137
418407
472201
317749
93690
728180
410348
475859
658451
276694
531599
331414
833303
775468
718145
856145
100419
992855
958729
403684
311966
472600
554041
317142
761228
575251
408183
285836
874034
438044
273689
922399
776068
862376
656302
762124
488670
204294
318094
737793
772156
965744
621026
133573
349535
178868
941925
340871
493996
366980
755257
632362
432619
805513
842423
344975
595730
851709
852818
332194
940917
94498
245539
514025
358362
517210
697357
739885
147122
202786
241978
990977
850232
822011
315477
473017
925385
541713
629162
902406
580303
821915
231615
552899
730665
80200
764071
3570
607003
150838
908887
358322
621989
768232
166561
156863
701428
867367
882010
283863
545595
440959
188463
692177
340225
20675
173913
661146
173417
360663
375109
106895
809282
198254
295823
632358
173137
385830
708542
60491
371171
408846
155444
925935
518553
966185
7934
267979
653882
32674
235325
736249
587479
828536
836555
672260
501434
974027
679820
163431
166666
995534
260615
21201
452495
106820
734825
401025
235792
708174
995047
544754
141879
803356
911901
125012
999232
279247
576609
800653
851776
601593
823061
655220
979880
876079
450914
864175
221823
672410
30161
674224
419497
619070
304922
893596
320126
497594
627265
566128
393525
960066
917467
255466
773845
689306
810160
643858
730262
868923
292182
874281
79794
144651
802950
442444
891345
800066
305333
5991
296413
864129
323113
824905
738187
915786
721125
931061
624457
504278
711009
514028
489070
637653
801256
780371
615755
922893
903899
826158
920884
866974
275433
881149
759761
13869
247242
292950
296408
234049
633691
243406
526245
562002
559743
313023
337971
920178
354321
36068
248622
720592
888411
540119
436938
683897
351131
345909
233122
93131
551761
194653
36589
972374
643399
437156
330794
594621
979442
558983
277813
490983
206573
837512
482228
325580
71658
767829
441043
870017
88597
583517
5492
387995
695747
474589
838587
511895
74392
754317
889366
184256
995021
553625
110863
81340
156485
993342
203756
285603
450757
639611
205766
321065
121903
501701
787241
430645
632511
103546
256370
815109
302296
961033
822608
553323
673636
215322
66531
115790
963977
22407
892237
302163
840762
379415
879799
164368
20301
347824
509689
659840
843790
201728
437571
535618
299022
942419
201364
762116
744525
167440
728862
430988
141727
904624
328390
83552
818605
889683
245468
263038
88183
363995
195247
986608
437101
584422
331749
238061
791338
5542
122762
462883
768328
192508
182046
83429
788326
511767
281115
43861
309190
561538
140385
594309
906064
748459
607430
626821
656873
350514
10422
427509
390663
705478
940924
658420
430530
830502
966136
212129
237872
408731
127285
705919
602900
222027
791879
697137
716487
739665
806455
114927
302989
752765
532204
662965
603848
713275
224562
781474
344145
106353
991761
837508
56588
222193
403973
598490
611504
219339
62726
849777
76613
475490
522918
626113
360358
247508
246977
825881
873393
655978
685442
275821
648893
355003
512606
251903
21520
510006
973557
146209
310039
283402
51063
908494
959836
165031
332889
109277
217650
119131
29027
485170
829575
663679
81019
945451
345668
174679
263409
535168
730148
395318
480474
941967
115933
793558
216175
918175
783059
910744
449830
264453
570070
544353
633659
562997
775995
745504
464835
407161
886261
171034
442763
172460
440883
139482
867083
16843
140686
974605
473744
857782
794624
343978
433887
42748
938266
939881
856749
146917
300879
920792
696246
635188
162349
956756
635575
486293
709113
20918
104774
371038
424301
531776
944351
585278
662966
110829
535139
674582
684699
813739
658921
448347
594923
811273
586775
533747
915448
869243
686475
691397
955720
216581
613257
341662
955960
553318
964749
473084
694918
351842
977139
785303
837089
878639
228269
559098
457215
273395
604391
740591
55835
619863
414099
546651
557413
196217
512743
547461
636237
993247
589887
650397
128497
613664
71725
81182
908884
498690
596370
96910
726136
363334
181480
627147
370609
531892
573570
759943
14603
875902
762615
85389
194849
467012
673978
677659
974510
698235
697570
9082
448801
665043
822735
156497
457865
872106
217051
641587
247986
232033
642236
894839
772003
289791
260549
528520
691671
14707
530140
745082
713803
4328
193484
261402
764159
996378
334659
932175
904727
411618
893559
976263
168193
496834
136204
375125
240006
262456
432367
393524
722161
922496
513677
3095
54061
258207
813940
378767
972901
935318
268482
680769
435210
228358
645065
55830
587986
943250
947202
231389
874286
273151
960297
344236
842973
596674
318845
397544
515824
797108
43477
904714
361220
514696
254563
637892
730851
307096
759747
126236
529757
91084
571144
876442
382674
111083
916706
495118
217987
418834
612585
505559
341825
501083
209015
911900
671337
226853
24438
226076
451256
131866
183406
860813
548317
112750
800585
646421
33478
579536
177913
962691
860287
948069
572444
878944
633182
223885
936093
368630
693102
99441
65138
440202
74915
220618
219097
323979
697506
14146
70583
336466
88734
311060
538867
684846
558882
819397
312284
427504
238411
481564
900207
202486
346574
449054
592841
427053
219555
885968
500333
131026
379802
474042
210682
837938
651189
979379
949423
132056
959896
21413
824755
479943
323980
371907
589780
613396
552123
501001
768712
417459
393878
526890
808534
206709
521653
684664
929233
821279
561955
512210
860713
625253
344937
598292
668255
760513
8757
483425
907430
280858
383002
941815
112305
538497
673864
829743
496278
941565
666592
764299
261214
602740
334372
278687
191309
62845
687977
147770
136492
480570
814042
205186
175389
677421
19653
569765
955859
656398
797546
928939
551893
359743
612656
166939
524253
81463
546635
142991
379847
699956
751016
873077
236766
441658
451637
242818
37995
879563
45844
329567
281092
654405
638588
450087
952340
371921
961696
578165
394846
40940
543083
959465
980584
626871
53488
512485
309042
950818
279044
546470
943645
813007
466034
291679
824776
398493
297450
146913
608462
274309
996654
367222
35547
807292
826936
550293
200408
202489
178053
183007
5025
768105
982016
601775
114388
769619
994393
82972
882315
957898
27117
995913
2470
727929
357541
798429
876862
24797
735945
10178
309481
220277
193610
58423
701668
938303
316688
940177
148415
754238
702815
709914
584417
189105
51385
571141
855646
642250
353344
490065
381415
121483
362346
72815
70724
803107
624261
728039
623546
467108
957421
584649
120638
193669
643849
324937
650701
79566
398320
178486
769721
323775
448309
905164
900242
749199
41829
967307
73291
523853
213825
405183
457000
449957
20956
136340
564616
907700
982454
559441
321823
593622
63664
536582
593754
877651
668882
662761
998657
156135
401455
558426
875900
820839
655280
706696
127677
681754
383099
784539
671631
489655
358715
368785
925014
704847
663062
584694
775398
55495
646504
163693
445460
992327
601509
133786
28418
118807
75365
650565
911405
536539
336659
411767
50809
53901
827102
233631
841657
42871
564075
798921
812870
711526
899261
641608
681889
401638
333574
116965
898069
889732
564975
935657
912373
881653
312486
754865
215801
526926
36526
69270
423269
699609
385805
291548
688770
623835
971960
959008
469233
713838
864529
493114
807506
391711
481581
336462
437006
232147
767941
369082
93334
549116
528855
610806
518907
139749
965022
607110
210735
964406
936385
215294
137152
299849
329623
868213
790391
164586
898855
819572
778349
18565
657680
506854
7589
43444
491499
699777
955474
555080
844522
664459
269701
634624
390219
332756
915193
702691
315554
178370
443083
114754
423899
738597
328662
151204
156136
606904
412663
77728
617733
422068
526554
256693
478585
884546
35177
139754
549645
189478
872612
344133
318548
509345
18567
369221
367492
85940
391727
896387
230432
289149
106821
986426
529730
462767
717774
966122
167603
330544
653693
844466
624786
114970
139210
334810
127365
889966
274369
957315
944812
717749
406057
848755
454880
950989
274786
51892
613300
767864
861813
542131
510423
316497
226202
31578
167606
888736
547798
730497
675667
590914
427745
951365
668677
607190
145661
447858
888734
568504
58395
460624
933743
499966
512611
56149
965699
224239
324278
236140
830686
566795
53737
607009
707187
498077
401546
521107
413406
439466
822945
762623
599177
874954
167953
765220
18246
22477
126290
461871
823450
913430
704577
659420
919895
2456
789378
273243
672659
88483
982979
125754
476750
29396
855298
625909
777774
202485
3762
930485
916701
400694
524130
579526
965186
122982
474087
794152
81796
227392
214721
290276
518396
279107
525374
451430
525863
847696
845911
376167
268088
941132
816224
965324
302614
999259
330003
633966
507663
610013
142927
481354
893777
571385
992524
470848
116673
328050
399056
149939
469621
133492
902006
285023
191034
969729
449493
562614
360762
887849
892503
658745
648511
262430
809330
608009
73826
583977
538387
303151
996457
297494
708925
894870
201700
988175
829253
363594
716957
985461
412842
307103
377155
492050
879251
449035
217655
163982
59003
358869
463948
564973
602114
177943
387656
673367
574718
337719
456838
450913
369521
22803
930113
627081
103855
178766
86757
402077
463846
718230
158670
621685
272919
37733
880223
133574
250330
951638
674116
162098
805151
408229
378676
142059
633577
129142
835013
962445
298735
742290
206790
385634
330592
972793
746216
23552
218846
101491
284122
717457
924869
452445
793546
529227
403978
334155
422853
507642
664489
181159
53457
5147
890913
478124
805730
593819
972583
528127
359217
555543
781817
654657
636935
806128
226733
492730
822627
143786
912235
466382
142402
721870
639867
503584
850343
732578
95087
4820
629863
136175
211343
406563
737285
997143
181362
565043
711527
854668
893901
712456
206833
299690
928933
42316
434142
326254
884489
999305
108493
27344
44405
487167
116669
915736
883972
492722
98143
934607
880216
795691
227650
993486
124937
598641
568063
822797
879227
827539
21690
275170
475007
159602
224454
922952
625702
933061
764973
974342
168404
357158
315350
424099
32918
396848
706286
92835
260485
163157
401492
540914
996848
170238
432434
264673
190897
545787
913305
677426
665783
390829
755044
218562
158369
351105
39015
95405
743554
9674
676318
448763
251229
846774
929154
359634
824294
357086
370377
523183
360415
66848
351220
784502
210437
831103
475063
566962
402798
268062
145211
475891
970822
696787
841184
462951
916866
676394
132114
821534
36484
824956
320367
600269
920555
840761
214093
786355
706106
788775
835585
597141
310460
624751
673247
13335
490250
168770
253437
631076
831942
577477
661190
462894
848134
804737
407421
965522
362402
397607
153771
379575
829058
150163
17823
897206
35113
150449
34219
895796
332199
368290
439226
865610
457850
403960
883673
348677
886124
401910
106458
347665
721793
929511
749008
533420
74349
528076
21685
513785
214209
847640
799738
38318
381422
986281
15207
94315
524823
66677
159227
174695
414386
612245
405901
459015
303655
603467
175699
960040
471632
858448
943230
591767
415410
976359
156787
590954
44619
882769
187350
443245
827226
959572
97444
618283
830555
568004
516459
95970
989462
969915
761898
951271
207235
69770
925447
757960
911535
640155
824960
548479
663678
718995
886969
12554
198173
893306
875366
883875
220124
140427
144282
694181
283996
549554
87095
580422
578643
962239
658118
117866
794993
322214
928914
350223
179993
747736
692416
277276
94786
71599
843018
188649
277701
177710
349049
704882
323001
393297
440793
674191
674174
238420
255016
77408
713833
136667
406062
683701
785978
1369
933158
603512
392587
703089
32285
749671
532198
193374
420897
950713
905399
394213
339029
207927
490479
15251
167783
570832
27640
3722
292883
904952
735434
584346
526029
457702
943061
880219
816906
8673
813248
614011
938549
17039
415876
87269
96595
70767
293349
899023
213467
36784
472199
373119
602690
930537
420073
929589
939854
367147
125398
540669
568167
256703
492628
487687
905282
246331
780479
249817
792040
596657
273977
254839
605665
315187
392591
528541
447058
773919
392437
516649
10481
694016
996943
987053
186837
655472
806288
640362
691078
748916
77431
796676
154725
478566
39680
76952
568121
279589
702966
614870
777530
214978
205934
742528
411762
149336
388602
608025
257732
234654
770778
380278
598927
420315
442862
854584
836914
811071
473883
587238
744730
35519
955699
673433
98132
581729
229930
69935
925889
695435
985038
858598
245692
114845
454381
859530
576450
367366
516571
620675
158186
755373
152641
444067
626681
145657
264854
379148
493636
241841
570260
88736
172619
635289
263946
170770
808861
10146
954921
449011
150164
213556
561411
881759
722764
974193
825931
603964
528341
95871
970225
135517
388386
807295
177067
477589
544209
21687
774186
710756
32677
827090
824807
555211
779594
558581
327133
229528
182392
209140
970024
621316
15585
155065
603873
573894
834453
95130
744697
376575
633661
430787
405447
542463
29843
162478
138605
392581
971469
798750
447930
687971
516843
757124
575389
741798
758839
582347
816110
415143
935300
536432
452680
707218
745414
609591
364330
559110
141224
663986
137284
400966
244180
553881
948091
42598
941847
817735
113655
397597
411047
361058
758034
568147
823456
912026
57366
237021
807583
959201
913919
189151
59379
950564
892312
838385
364472
788357
555327
713809
88907
813050
548275
63453
883451
11302
71966
628166
959814
452139
279724
876338
991172
764708
323877
53216
656897
102491
698770
1071
640738
729725
505890
25810
827716
634759
830705
387047
515126
265588
408627
308427
879170
250953
608123
688225
297496
458785
750656
109454
185434
471535
158618
315619
788701
117367
165903
13945
519895
716463
393139
616232
493641
672747
946083
328454
38398
631211
254762
392612
873894
263908
626675
239462
136127
404001
735
67479
892311
809636
420539
304442
161349
191818
532336
210622
372173
885692
550839
220040
617329
531097
199805
714556
773668
553927
36622
281044
744704
556318
869771
245573
469496
77862
589358
604614
618126
627959
5192
100120
384438
198177
491596
55499
281156
922287
921529
579941
870262
242003
753548
821017
802306
949550
374183
24698
53591
969085
732631
120041
818601
962993
79793
13807
484315
62713
342592
376041
659999
251135
433385
382426
155826
842899
285570
803265
705296
517481
9663
974537
424924
563103
809836
511149
878687
732069
775474
883879
506299
470121
659512
3
191862
366933
352653
850624
755140
876526
751825
975857
824010
353597
251419
972157
203449
372582
133767
157177
900136
671968
875567
927846
483993
540657
795254
611902
183075
981155
472207
942626
118712
634754
623957
706830
457631
877124
726142
27553
73179
80430
392992
522280
309097
962591
373525
419982
879172
661682
734269
136950
559160
745586
366078
413075
984437
78669
117851
960083
147402
884610
95725
231041
929527
75850
401482
24525
745938
933256
820840
46103
265328
703282
797116
871582
937125
822670
52206
904361
766865
936462
272585
110058
769770
678674
556539
837920
285745
320260
379239
611720
829324
478717
353751
341929
157933
833418
47536
283396
72185
639314
502321
633506
343525
530306
191553
52483
977891
931209
464224
442101
37805
946726
617209
270094
390279
854877
170625
568373
449084
499134
625732
70991
308563
324889
215849
585782
126605
802695
262609
682406
984499
306962
192930
323391
880311
516151
656804
641038
713309
293854
859182
143863
865810
657306
338949
276435
545269
514519
855795
713805
960190
361151
33495
268441
593573
333217
287279
29888
314092
125247
501785
31612
782895
474357
330917
234025
569899
246055
707719
418924
703539
15882
616856
117899
628495
193546
80260
54607
938499
938262
64421
860259
852995
569740
807042
580058
526954
783186
549405
516458
783773
952047
942623
913795
278183
642751
348225
155235
925154
47534
215479
760815
689152
581351
218578
467863
337978
822227
812698
181432
372316
636418
741474
523378
557535
328862
689666
855650
58770
43778
589762
692182
298893
229679
575361
385940
812258
105909
133395
132250
128194
429310
228008
403053
427402
73449
789954
30195
445413
97045
79792
957701
836122
431579
163375
340057
349198
167195
607007
310786
803252
943254
9596
698372
823269
981439
236036
145261
9553
100391
689646
507130
131980
716264
37269
497039
748307
132393
38178
450106
107440
810885
810223
8504
150438
533006
342369
196825
947696
735366
507068
96345
984370
921811
503357
991917
288896
155142
177320
737073
922154
662180
395259
472210
898295
469609
564565
291042
752869
580978
861781
473423
522119
880073
655134
203348
855314
860490
550924
446007
261295
484507
469113
866321
49831
351490
202373
414777
813368
93134
768076
704512
854776
794123
792323
124108
63262
895970
751235
637421
552406
771308
911914
925285
819407
543462
570154
185301
161671
332542
370731
452578
553738
681605
691254
504623
412299
898089
859808
63560
363731
288111
891145
707420
94899
340169
634287
670182
516403
332629
788422
132112
485322
151734
800444
88186
691895
804917
13366
510170
963647
280146
976702
27969
333928
444764
326872
289117
608174
758469
381430
507047
758610
277598
432616
969981
738159
821197
263351
262
845478
106881
472159
838598
47828
946454
322974
54879
869302
970589
663583
982761
664943
667754
342861
677720
522395
844468
842851
204275
437723
641261
293875
847853
610338
317132
504604
583419
944525
757959
710917
121019
685533
227329
553421
826696
609779
879599
368023
553467
73211
64413
643928
699510
701406
806105
108243
965863
269725
724712
277770
32375
535825
807143
945490
900435
801841
500025
853083
40595
51460
590126
459474
526899
184544
187473
33819
613937
721312
66217
997903
643286
954915
826327
659631
712678
672884
587266
19720
715695
14390
410853
948366
234039
22577
433097
500234
207525
229245
753404
633267
705659
679931
266965
295270
139033
449177
730797
393563
300340
441883
653886
220496
895679
92346
884648
654692
219631
647884
607965
592662
464719
485335
646031
570507
217142
508336
99603
459651
471400
209374
507863
547117
571467
852503
345798
152329
974485
60741
599233
689575
627760
212218
258674
470822
113956
917078
689722
283682
610362
640411
835864
108038
27578
23860
174376
702137
378435
298051
663368
69167
740623
856151
274057
876080
66654
238118
784506
988127
250035
461524
772098
639615
681511
346804
395156
386432
170370
663073
227789
269797
901557
90749
657603
47281
673551
67124
566333
229171
519774
562918
851945
415857
8023
944800
268120
91462
531038
678472
864518
451777
790010
616993
337230
379047
971761
694182
743838
793538
211198
399667
373567
389463
736888
241126
767871
659579
304994
668646
451963
728594
603152
508002
638891
576665
553299
790723
784545
143656
699409
732038
230311
816393
609599
913091
489032
65456
140543
808112
371663
260984
401392
13365
597946
168415
45945
621983
254921
51532
332910
503920
474712
367390
872983
844475
609882
833618
41029
665978
19545
159869
4153
443314
419885
247691
153026
391594
622327
711451
3931
47398
125924
154973
766144
841203
785025
913818
790624
240090
832982
998883
589907
588897
264227
389269
57443
267209
378490
266102
447815
881649
164267
656066
537603
98170
28449
489613
215053
737105
537054
280913
72767
48277
278434
182455
548085
377393
474627
750069
331054
715305
812871
136587
421962
947025
705359
777477
572960
212979
457672
139477
34329
444597
901880
838784
818982
459671
862070
642490
73870
245773
58755
187089
519577
210955
897392
710089
911373
554524
350720
210479
373055
688676
443367
584090
209534
753121
290862
597722
797632
479794
378815
601974
958792
588388
402871
593255
541073
711669
781267
973031
367053
368632
649264
135237
560643
864853
885954
929464
83730
327596
897531
177725
546327
470023
33214
136126
232781
637902
105913
400646
675952
70592
660851
946928
637257
512524
222877
790978
566395
225373
718461
946226
488326
766959
216399
325117
849571
570087
470886
56539
132145
444550
476618
449057
333030
577492
81781
725045
211626
316840
910999
388855
673868
938335
755178
722754
76649
112017
903056
595955
917293
412825
987742
227442
414943
423449
77026
934321
979037
360356
731070
95722
158699
999313
346162
401957
512360
282062
683507
126315
895109
749193
841573
596829
624938
692339
921723
769754
121028
15205
75151
259781
520798
716921
596415
69814
510092
371098
74930
101990
311961
505755
311501
976928
374454
730335
73165
776827
468109
309333
417620
710730
646459
538755
93874
877818
391849
433567
930727
943225
481701
992038
810229
609703
95947
180383
254117
394797
909511
207793
547784
84503
645440
108649
666809
393681
669885
686290
731294
77381
965473
272914
594398
518281
177450
971296
661425
398113
711173
437801
174701
521719
997888
310257
340042
789272
687118
401345
794293
957515
599386
161444
871274
564998
628040
844306
392322
905127
574581
381854
486655
558116
411289
123931
278963
170776
660515
623019
316050
274883
340990
676853
610245
103165
308975
995582
784570
625635
585683
722886
861554
821405
452066
685265
941108
453137
589441
536614
429874
513100
749727
215815
967070
405461
134561
94544
607864
512994
186841
957316
221099
667612
503618
511858
528731
358153
565012
672573
558213
756933
868063
371917
666803
931388
816794
737120
426553
199998
887873
973538
768188
883934
700861
922624
165759
639593
364657
298259
756174
182209
276117
637491
698240
635204
872101
203529
961218
423678
288961
567128
999306
939484
49983
693236
276055
754217
957754
454324
349414
662415
710187
55100
37893
890107
445309
472003
463
392631
589361
73182
363616
21529
352621
515891
779259
958688
69677
54418
623447
267011
616303
446946
527451
64167
724244
406029
735479
370425
901937
400505
177800
266898
894219
729681
897305
981797
40959
486759
775053
443998
793639
893390
185310
818254
649443
508670
98648
538242
608525
341837
858139
641131
201642
732509
90448
460526
958818
749129
493058
177150
550902
775322
917799
994232
149351
235217
952150
239371
598852
519581
685977
95492
230977
672904
77672
837945
993858
90227
710660
450043
795008
380173
51939
485943
826014
493794
971191
994672
858162
489446
412997
115402
372057
488685
373108
734273
541130
776505
318473
748924
799232
791223
327522
449625
232198
365383
886197
800080
720145
453878
844977
773597
294593
317145
490242
323983
17840
878560
211330
672799
846136
767517
558713
685214
748938
759327
209993
959199
142893
239054
583629
367403
62901
290443
831266
868977
906250
692337
142850
754173
656872
804433
413908
647709
635710
661150
17266
532634
560090
5217
993382
24011
362509
979796
390453
841763
515035
764984
860176
198014
582257
977323
774717
251894
234613
837021
269116
32812
948282
389698
982518
17347
691958
407457
469133
894394
621985
622802
912305
743058
388732
116132
676664
290651
605979
602579
222979
290941
891901
58465
230624
66841
951099
700715
456571
188705
854378
831742
583961
283792
912546
564044
882919
129455
173134
279047
924803
867107
614960
720620
837580
689202
232554
276979
992108
308661
503079
303675
762546
892089
640122
578966
587613
601961
937541
892076
942032
383106
517485
148983
687450
268063
810862
797769
862172
150008
748131
823415
705378
334159
329474
371053
608501
151684
953645
356716
602476
107078
870529
377145
969064
107274
846122
870908
532449
178297
24508
329752
885418
412666
848825
994451
336436
305933
225224
498495
50839
763295
500023
668578
161667
150382
48501
530310
135320
505696
599055
748382
584530
928330
132633
251362
149569
445280
169973
120581
981152
246919
156495
68635
344949
524673
449630
419709
857221
813453
766408
636626
169930
702897
662359
672044
387795
334388
472413
291136
776130
619101
939961
482266
275809
380766
662439
896126
539642
422982
421783
765191
435679
438488
81307
140778
880702
838282
681121
228923
803509
326987
875233
40544
40470
784789
178402
26067
151943
979048
965751
926663
9241
49828
474332
169539
949187
274463
964023
365405
577154
234234
579258
926115
316504
951524
202195
566422
974618
286828
430647
834542
651409
287183
534933
581362
769631
263002
455047
990995
437395
21422
578272
588875
576971
572657
326641
30735
569869
96572
19194
651399
92153
542684
412303
601374
433948
399643
57075
444839
218384
983489
813746
651269
238018
129074
937709
652263
370886
774490
941886
97649
828021
258907
207776
764263
800178
446447
737458
406926
399237
4294
673510
501325
687187
272477
574300
400707
333867
877262
642332
570765
78393
196751
767009
598498
875802
856153
911978
766755
266245
876746
272371
747667
573788
22231
911458
741273
499459
704963
829707
398765
67639
606073
936776
127990
783062
71830
988134
195418
710497
304184
733772
15964
447629
237763
73570
575298
802111
389703
70539
577467
622229
848452
510391
568581
976259
48020
567447
777447
127801
563662
647348
930315
503765
578205
339107
334481
775987
909761
818158
799709
958322
500123
726478
934466
192235
188671
377222
310711
224555
319318
927665
376087
670089
90745
972783
633354
777039
263510
979720
258574
693474
256230
974871
161721
464369
816760
821022
864043
595203
124064
430025
548756
275739
677543
967054
651473
257561
241964
590324
394576
887618
841292
14739
220815
509210
127306
196132
673521
151700
630271
727845
361781
269545
652955
541815
828066
736057
164996
510310
943777
445527
963112
942796
463358
483042
128816
449581
901486
946922
76263
75739
45709
244178
851410
445688
939043
408243
654259
895170
773863
489823
289089
33031
780571
582004
338051
31427
316991
388483
475186
33791
402506
294508
237710
778940
871076
170480
15570
812833
139244
421923
379186
372710
72916
969139
300088
59643
89075
600825
180387
505124
500819
113624
810734
472415
621497
366101
65888
381969
417518
127868
692813
319808
617181
125738
14142
595257
85149
843407
398046
546785
105229
309822
364875
761903
273113
97483
8294
899380
670111
866896
701860
856193
435841
563841
848086
96522
791826
145088
213892
16637
506596
145184
171944
767913
828455
594763
730933
146575
886639
224197
616784
464038
294202
327764
38854
128632
616965
159604
734413
992383
2666
609536
70806
900374
982880
208523
994346
40978
314392
312994
229495
931400
900323
482559
144104
654964
834761
720570
910307
517082
355839
67301
20389
473733
698243
854092
179857
696425
29026
707843
604484
903115
806587
501530
136207
843223
540328
524545
10214
317111
652465
767694
323938
859028
741175
497869
16947
750343
372078
355302
954985
503373
327125
803764
461408
190112
618706
137171
405342
151071
532276
910097
485991
361926
937171
532125
94046
500613
905881
707983
769794
703700
346831
977140
60289
29348
154558
77285
766180
65427
42277
823328
667674
550771
688228
700714
194071
492402
955597
364504
686085
378232
195438
714151
807479
34777
478075
560082
493777
765085
324023
598993
914409
147118
136253
614860
504399
567625
626638
897208
117014
463479
64598
468169
67801
419738
769577
941168
110347
105319
367861
640742
444693
208433
268796
65763
216992
660237
857659
551918
231308
772430
164588
77608
228597
374579
824222
876571
135335
378238
785170
197895
164464
577911
59642
785855
560449
17650
668864
737754
639044
842428
553157
25387
428228
507377
261031
648968
349537
959011
592462
823581
964438
991219
256382
314290
190171
265551
450917
445065
378499
511957
590930
464891
987021
835614
338611
855884
817045
592247
593857
142023
965511
462314
291491
284443
265659
171691
672198
46546
298174
966598
145977
808417
828403
825824
926864
215314
434192
818931
117269
325616
762081
729810
259144
580561
591832
260871
158451
188723
647917
859743
308111
746584
463705
440699
619059
675725
194587
676964
788695
896415
55057
910459
147380
539852
850510
273548
813844
450955
789165
531043
246464
891186
224929
922609
847607
915874
629656
253950
292993
589662
529802
653887
778074
852811
442783
673062
653687
827991
194788
994239
935298
983218
285604
526977
427965
595288
857766
473587
255926
39997
192830
473707
142342
676390
499386
27583
315832
440085
985673
648630
25505
348219
571471
236025
302379
91006
474632
355381
42729
549566
866403
344651
371765
258230
336680
297928
744441
67664
513799
37553
666294
443147
134030
474318
462160
989551
911653
755637
387428
62486
308871
790408
277989
21605
975282
21250
402954
811450
35492
937470
115774
976547
846274
229516
60478
132099
866650
236891
723039
560149
918434
667389
117647
817252
202875
896896
544625
841131
854019
330376
246920
822555
881116
177491
821831
967895
580091
957363
638214
538902
630134
473333
281643
323849
876568
177653
443154
340439
735833
341186
71745
430215
361021
425248
36563
211979
915659
179670
223506
20355
299403
86587
929384
485911
149021
667940
867706
675475
914915
227910
793439
984205
63109
427498
5169
469904
176862
65782
279049
649144
268280
584342
773831
503337
781587
621314
6731
23932
265423
615281
409477
621410
967187
513119
619825
991600
573178
708667
536489
321491
140201
706364
912376
753655
437201
271281
738553
171682
167740
690076
785905
854771
406558
182706
407607
905175
879354
35653
744791
195709
977262
156760
54148
525219
818410
918376
717314
942898
778795
326541
445713
118208
217950
214594
653122
934525
345506
806313
2357
388886
825772
844593
778970
530979
32042
946487
977273
762138
219932
924580
453146
496831
903033
522301
563645
500002
665759
136132
708589
646
148985
476127
445903
553264
742582
765965
725332
921376
277881
976914
57843
315966
226852
502254
557373
685041
74398
332411
897436
794296
473831
29123
86515
830315
17474
717746
183940
610075
795820
502184
234620
139374
659550
670457
298222
128585
724734
578047
969916
823046
286658
533377
445995
569057
745219
571712
778389
268892
735873
475497
446006
24745
425419
793108
265699
9664
296288
408227
950075
403619
262675
978874
362692
636419
109257
55833
271208
922443
727458
758939
798831
381087
967252
224816
170565
449503
558074
871204
843871
611447
633838
714910
584918
726590
43461
105608
551128
37727
728965
625034
593372
843981
868712
552859
494981
718229
305694
910084
456964
471100
108306
81145
323318
153764
145082
255433
650482
326965
514819
672615
596006
870347
554974
994210
512389
781718
509894
910422
498134
286276
119367
373861
292123
136770
903100
736677
409611
813845
696006
532710
549606
328639
950303
838223
961314
188407
384287
636715
732026
949666
551408
165988
110789
965290
467831
697792
58169
202338
906623
902446
549990
80756
69274
73987
668647
531069
109468
865833
315958
502825
602045
162058
654455
846939
46061
254345
844374
25475
655323
147426
384944
112691
640785
720356
689307
594951
647209
27114
690800
393111
937243
275443
998181
156351
390113
821085
483522
979449
320768
483688
325026
833713
900002
855774
564730
797661
523310
279518
776574
941721
484474
74045
647186
506294
100158
613142
415359
89130
922903
599512
687302
950659
597676
130400
957098
702895
143620
368285
968078
512768
112809
271406
957395
724247
912502
190475
451385
952568
470562
848258
93581
377379
267239
244616
225043
316783
136832
243613
248324
531655
713018
54938
474339
543100
277413
540049
142205
229514
477367
105424
308085
821599
802309
744266
58612
245024
417927
536729
482967
879171
30109
491771
809371
567469
994227
349298
539344
107798
972905
176697
292689
992591
649940
768535
924349
390597
688971
829094
109604
789758
29037
208778
597115
707252
624906
408343
799279
676378
165911
49492
425983
253617
799825
287812
463793
243425
128906
937119
828405
568569
970265
222555
571703
450483
161599
170320
368397
266590
312169
8022
510039
348106
930258
748622
275785
269641
681892
165580
630282
22085
479636
146845
916588
855841
211215
100288
416446
349037
13061
91979
518536
697460
812111
48503
773883
95659
250146
364558
106482
900373
478046
731512
231249
290162
692800
725783
547744
780203
566633
55278
739363
545054
723162
762477
690818
905651
764335
239785
971326
553993
876311
479218
917091
991437
269369
704381
448903
305074
366585
7806
640258
649142
390008
877840
827375
334486
377263
235587
31492
626510
638486
680128
373865
470477
546653
721830
741439
450237
710574
766346
845091
510644
984621
427137
270190
810158
740614
329849
90223
533565
95120
855437
321841
327933
824429
997396
656601
558550
561645
915451
636749
77842
314781
123782
129206
859903
303451
550654
818987
226509
831105
93803
189254
431048
210875
514585
28921
303028
661139
906068
976943
568690
147503
411923
861901
23903
392458
349130
94832
751841
686765
119633
628890
518141
845945
788909
28088
376673
829657
151475
470441
473503
241289
828064
364611
352482
970931
949936
63065
367619
641654
893103
283137
471770
899377
764133
